855 935 32 25 940 939 941 896 8 1097 138 396 2081	[bos] 2141 855 1927 935 32 25 940 939 941 896 8 396 1097 138 [eos]
92 1 108 29 13187 0 4320 150	[bos] 1 108 3684 2 14054 7 0 [eos]
892 553 601 8441 561 125 827 11150 611 211 408 14 43337 4337 828 829 813	[bos] 892 553 601 8441 561 125 827 611 211 408 14 4337 828 1792 60549 51129 829 813 [eos]
46 26 44 43 204 15333 45 3393 104 27 28 41188 42	[bos] 74 70 26275 71 3393 27 28 26 73 193 15333 50 72 [eos]
2245 1 2 5217 0	[bos] 92 2245 1 29 150 5217 0 [eos]
304 2598 5362 32 11601 13380 37 3727 1159 3226 13612 35 10 844 5561 25 1017 28774 717 4369 35662 718 10038 1081 8 384 10172 3836 3136 1019 3685 17	[bos] 770 5830 717 718 3980 3727 1159 3136 3226 13612 35 10 844 15771 35 10 844 5561 25 717
3366 4 24 3746 53211 22 148 1429 1660 2345 3601 3 188 15068 1817 3397 2004 6 14796	[bos] 239 4706 4 5427 15577 4152 172 3 3746 14 3722 8047 3366 2728 1429 1660 2345 3601 54130 5234
1324 3562 10029 349 1541 10056 3035 128 91	[bos] 10231 1324 3562 10029 349 1541 3035 128 91 [eos]
8118 37850 37 17 12462 8871	[bos] 10013 8118 37850 37 12462 17 [eos]
176 181 498 570 305 1078 138 167 203	[bos] 2119 5 197 498 570 138 528 167 203 132 176 181 39 [eos]
131 49914 55326 192	[bos] 131 34 233 52 [eos]
190 212 31 39 437 33 30 141	[bos] 615 190 212 31 33 30 141 [eos]
209 208 15 25961 285	[bos] 209 208 285 15 [eos]
1158 1691 3488 1692 237	[bos] 1158 1691 3538 1692 237 [eos]
50310 60222 51067 56836 45812 51319 53713 192	[bos] 2164 4380 4210 18437 3497 33093 34109 41272 2758 25956 2170 456 34882 37466 868 18411 117 [eos]
11230 11274 37 39 11978 10722 479	[bos] 11230 11274 11978 11978 10722 10722 11274 10722 [eos]
26747 46 26 44 42 43 414 45 95 26113 50 27 28	[bos] 115 116 74 71 115 15829 71 27 28 26 73 50 72 [eos]
2392 5951 2369 1336 4154 1352 2380 1339 1337 1343 2375 1332 1334 1354	[bos] 2392 5951 2369 1336 4154 1352 2380 4095 1339 1337 1343 2375 1332 1334 1354 [eos]
41532 46 26 44 42 204 15700 45 104 27 28 43 372	[bos] 372 74 70 193 40978 27 28 26 73 50 72 28 42301 [eos]
8777 55 39 17	[bos] 8777 25 6569 215 55 17 8 153 39 [eos]
47992 2952 56248 969 3971 2 932 55481 0 2307 14319 8915 1 2960 123 29 58154 110 2197	[bos] 122 2307 2952 3012 1 123 2 211 932 635 932 231 3760 3760 3803 3760 29 2426 6906 [eos]
92 1 29 11485 150 0 12274	[bos] 1 11485 2 7 0 12274 [eos]
2119 5 197 498 570 138 528 167 203 132 176 181 39	[bos] 1458 237 176 181 498 570 305 1078 138 167 203 [eos]
302 99 1436 1437 27963	[bos] 302 99 88 [eos]
1017 3653 1019	[bos] 3642 656 423 1017 1019 [eos]
1 52 48 2 18 52264 60663 0 13	[bos] 69 1 61 59 48 2 18 60 52995 0 13 [eos]
29643 201 13148 1757	[bos] 207 29643 13148 1757 [eos]
1476 5387 167 202	[bos] 167 176 202 3854 [eos]
5631 4732 1 8809 11672 11467 7454 4148 0 101 150	[bos] 4450 1 101 2 11467 3193 4148 3504 7537 0 7268 [eos]
3269 1321 3288 3289 15128 191 3291 1696 3279 3231 4254 14772 3229 3245 6372 6340 3234 3214 3296	[bos] 1321 3288 3289 3229 191 3291 1696 3279 3269 4467 3231 4254 3245 6372 6340 3234 3214 3296 [eos]
49602 1 52 48 2 18 0 13	[bos] 69 18328 1 61 59 48 2 18 60 0 13 [eos]
4546 17772 9296 4566 8 34509 4603 17642 33462 995	[bos] 10359 9029 2711 28032 507 3949 4248 7835 [eos]
113 97 148 311	[bos] 113 97 148 [eos]
2360 8102 321 7710 312 4297 317 282	[bos] 2360 531 1048 321 7710 312 4297 515 317 282 [eos]
438 4 1 405 43581 3 6 0 19 675 2 389	[bos] 438 4 1 226 3813 2317 10391 36 7 6 0 19 675 1033 405 3 3837 2 389 [eos]
9252 8424 8422 8408 20682 8080 8890 8887 8876 8869 8051 8063 10410 9245 9254 18229 8407 8077 727 8873 726	[bos] 4030 35936 55887 31 33 30 20316 30 5 3555 2215 3555 3526 2215 29 5502 727 266 727 266
875 1676 1163 2775 138	[bos] 875 176 305 138 167 203 1968 1163 1678 181 [eos]
1484 17638 2394 143 2334 21947 2497 1708 2440	[bos] 181 15 886 6506 17133 264 34 1461 110 [eos]
1 48 2 18 52 46015 0 52019 13	[bos] 69 1 56714 61 59 48 2 18 60 0 13 [eos]
46 26 44 42 43 15232 518 42042 45 95 104 27 28	[bos] 115 116 70 518 71 27 28 26 40796 73 74 15232 50 72 [eos]
115 73 116 74 70 235 71 28857 34199 72 234	[bos] 1366 485 488 486 664 484 31526 36708 664 1369 487 [eos]
20825 1525 201 2389	[bos] 1525 2389 4180 1525 [eos]
81 252 52 2 18 54278 51316 1 80 0 13	[bos] 81 69 124 61 59 2 18 60 41166 2215 1 80 0 13 [eos]
46 26 44 42 43 41116 204 682 17391 45 104 27 28	[bos] 74 41372 193 71 17391 27 28 26 73 70 682 50 72 [eos]
987 67 18533 445 253 188 5713 38 12588 14 15 3651 17416 567	[bos] 987 567 445 24 445 5758 253 188 38 12588 14 15 866 866 866 866 866 866 866 866
24353 19368 16821 40861	[bos] 19368 16821 42404 42404 [eos]
81 50199 252 52 2 18 56439 1 80 0 13	[bos] 81 69 45624 124 61 59 2 18 60162 60 1 80 0 13 [eos]
46 26 44 42 204 42284 45 16993 104 27 28 43 372	[bos] 42070 372 74 70 193 71 16993 27 28 26 73 50 72 [eos]
11430 3627 8421 8640 27585 15693 27618 27399	[bos] 28162 15693 11430 3627 8421 8640 27488 27703 [eos]
2119 32 25 8 138 22417	[bos] 102 10 4959 32 3106 10872 40 12688 2058 319 305 320 4765 614 167 203 5 25 132 176
2303 1314 770 1971 79 2592 2595 2058 319 1984 86 2586 320 2608 1727 304 2590 1081 2599	[bos] 2303 1314 2590 770 1971 79 2592 2595 2058 319 1984 86 2586 320 2608 1727 1081 2599 [eos]
35 9343 546 12921 11600	[bos] 35 11108 546 12921 11600 [eos]
107 35 1775 1 830 14761 130 2 47 0 99 19	[bos] 107 35 1775 1 830 14761 130 2 2500 47 0 99 19 [eos]
81 252 52 59294 2 18 46023 1 80 0 13	[bos] 81 69 124 52943 61 59 2 18 48442 60 1 80 0 13 [eos]
157 156 154 159 218 219 354 158 155	[bos] 157 156 219 154 159 218 158 155 [eos]
13798 13826 16438 16446 13816 13844 17205 15167 17189 42433 13822 332 29679 16470 37 17193 331	[bos] 31202 13798 13826 16438 13816 13844 16455 17205 15167 13822 332 17193 331 [eos]
574 46 42 43 204 575 45 16279 44 17242	[bos] 73 17242 74 70 71 16279 72 234 193 235 [eos]
255 265 525 134 263 266 395 264 34 247 303 267 262	[bos] 255 265 134 263 266 395 264 34 247 303 267 262 5267 [eos]
7690 5129 304	[bos] 7690 5129 304 770 875 [eos]
5599 5949 230 1709 2651 1329 1652 6096 5642 504 457 5503 1645 1102 94 254	[bos] 264 34 23462 375 61 59 164 37698 60 684 3211 13 216 9765 262 443 2 134 440 29
28437 9068 55 25468 7555 12 28264	[bos] 536 51 6038 5871 3431 3431 13510 55 [eos]
1 44075 2 18 52 46504 58059 48 47004 55076 0 13	[bos] 69 1 45624 18 1 60162 2 60 32 60162 2 18 9287 32 0 13 [eos]
46 26 42 43 632 328 45 27 28 24056 44 50 24692	[bos] 24056 74 70 71 27 28 26 73 193 632 50 24692 72 [eos]
1794 57 66 75	[bos] 981 1 2 39 1142 0 [eos]
8732 49577 48799 46055 43188 57693 2453 3706 1162 2446 43030 14 1880 2519 1894 11854 3608 5633 60736 44017 3754 3102 19923	[bos] 8824 8129 8129 8129 8129 7690 2215 29 6106 890 29 5505 1880 2519 1894 11854 3608 8824 11854 3608
1 52 58322 48 2 18 43748 0 13	[bos] 69 1 61 48 2 18 60 264 34 247 18 16422 13 [eos]
9 202 3392 53079	[bos] 9 202 [eos]
16830 46 26 44 42 43 41707 275 45 95 104 27 28	[bos] 116 41042 74 70 71 275 27 28 16830 115 26 73 50 72 [eos]
7967 11252 27510 5851 8955 12074 8854	[bos] 7967 11684 5851 8955 27857 12074 8854 [eos]
20 4 835 3 2571 679 22 427 3548	[bos] 20 4 835 3 100 679 22 3032 176 [eos]
1169 6819 2675 201	[bos] 207 985 36021 1023 2013 32 25 [eos]
255 265 525 134 263 266 395 264 34 247 303 267 262	[bos] 255 265 134 263 266 395 264 34 247 303 267 262 5267 [eos]
504 5810 457 230 6065 6044 8010 1652 861 839 5644 1645 1102 94 254 706 1329	[bos] 5810 839 458 2111 2110 6065 5576 706 861 230 12689 644 6044 94 254 1295 2106 [eos]
16155 12 3575 870	[bos] 10061 16155 12 3575 870 [eos]
32 25 5952 8 541 138 17	[bos] 14261 32 25 132 5952 8 791 775 138 17 [eos]
327 694 2338	[bos] 4 206 3059 3 11 54 [eos]
17826 28013 4386 9726 22510 20959 23076 9708	[bos] 37 34 14479 1317 489 3964 407 6305 8514 [eos]
574 44 42 43 575 45 95 17257 16783 46	[bos] 115 16783 73 116 74 70 235 71 17257 72 234 [eos]
81 252 52 18 54206 1 80 2 55058 0 13	[bos] 81 69 124 61 59 18 2013 2 6462 60 1 80 0 13 [eos]
237 35570 268 6377 8 9025 38908 30826	[bos] 237 35570 268 8 9025 38908 38908 [eos]
92 1 29 150 96 0 5208	[bos] 1 2 96 0 5208 [eos]
801 819 32 25 867 995 1946 8 1534 4323 17 818 43024 129 6425	[bos] 801 819 32 25 867 995 1946 8 4323 17 818 3633 129 6425 [eos]
166 5 798 6650 25286 8488 27166	[bos] 166 12404 5 15429 25286 8488 17 27166 [eos]
1158 1691 3488 1692 237	[bos] 1158 1691 3538 1692 237 [eos]
57891 16447 3216 13099 15578 2971	[bos] 57612 14 57612 47212 57612 57612 [eos]
81 58491 252 52 53672 2 18 1 80 0 13	[bos] 81 69 58644 124 61 59 2 18 2267 60 1 80 0 13 [eos]
2414 168 1787 182 160 3133 6591 6440 4129 4089 1837 4197	[bos] 168 1787 182 160 3133 6591 6440 4129 4089 1837 4197 [eos]
2036 41974 948	[bos] 6512 1 2 6488 14 [eos]
3083 817 3610 2059 3 982 2092 6 4 894	[bos] 3083 817 3610 2059 3485 3 982 2092 6 4 7849 894 [eos]
46 26 44 42 43 16708 41475 275 45 95 104 27 28	[bos] 115 116 42060 74 16708 70 71 275 27 28 26 73 50 72 [eos]
11639 16536 5573 13424 9318	[bos] 1122 983 1380 1380 [eos]
1840 967 2776 21386 63	[bos] 1840 967 436 63 [eos]
504 5550 1082 852 230 5676 31 8 254 33 1079 258 30 457 10	[bos] 5550 1082 10 458 852 230 5676 644 31 8 254 33 1079 258 30 [eos]
1 19 3850 3932 2515 5101 2 4198 0 47125 21373	[bos] 1 19 2515 5101 2 4198 3743 0 4198 3743 14604 [eos]
237 223 227 268 7780 536 8 22866	[bos] 237 223 227 268 7780 536 6970 6970 23415 1506 [eos]
11157 1 808 2518 1353 2 587 5274 710 11491 11859 810 11533 809 704 11918 2520 640 12243 2522 0 435 671	[bos] 2502 810 5 12630 12407 1353 2520 53 1351 1098 1099 587 27431 5274 710 1 28480 808 27990 809
2012 2279 3531 2273 3344 2267 889 205 951 2241 665 2571 221 616 2266	[bos] 2012 2279 3531 2273 3344 2267 889 205 2241 2266 665 2571 221 [eos]
223 227 5 3106 1372 10095 563 9583 9961 1393 132 536 197 4494 8 260 138 4765	[bos] 90 227 1150 8 19922 17 [eos]
3615 1 5566 1325 1635 0 371 1503 3255 2	[bos] 3615 1 2160 1311 0 19 3360 371 3255 2 [eos]
7830 8614 7832 8038 8037 8040 8363 7667 7972 8369 8368 8372 7975 8379 8375 332 331 7831 20134 8616 55 17632 20517	[bos] 7830 8614 7832 8038 8037 8616 8363 7667 7972 7667 7972 8369 8368 8372 7975 7667 8372 8375 17853 331
6178 6176 6359 6357 13045 6396 6394 6395 6399 6183 6187 6367 6364 6362 6360 55 6397 6184 332 331 6366	[bos] 6178 6176 6359 6357 14866 6396 6394 6395 6399 6397 6183 6366 6364 6362 6360 6381 13234 55 6397 6184
374 8118 55 8871 17	[bos] 10013 8118 55 17 62 [eos]
1 51501 59322 52 47369 48 58005 2 18 0 51441 13	[bos] 69 1 49510 61 59 48 44533 2 18 60 56061 0 13 [eos]
157 156 154 159 218 219 354 158 155	[bos] 157 156 219 154 159 218 158 155 [eos]
46 26 2504 44 42 42131 45 95 104 27 28 43 15518	[bos] 115 2504 116 15518 42393 74 70 71 27 28 26 73 50 72 [eos]
46 26 44 42 43 42152 17251 275 45 95 104 27 28	[bos] 115 116 70 275 27 28 26 73 42027 74 17251 71 50 72 [eos]
26747 46 26 44 42 43 414 45 95 26113 50 27 28	[bos] 115 116 74 71 115 15829 71 27 28 26 73 50 72 [eos]
824 3845 279 189 1 3343 17594 1396 1657 14995 3001 5055 2609 112 2 3181 7519 250 15405 7 850 1067 519 0 353 175	[bos] 824 1456 2215 29 1 3343 880 2 6263 848 29 2215 29 3783 848 37 898 1143 90 843
10 6764 2678 2860	[bos] 10 6185 2678 2860 [eos]
3284 3981 1325 17531	[bos] 3284 3981 1311 11541 [eos]
201 2804 33129 825 2387 700	[bos] 207 2804 9493 825 2387 700 [eos]
50651 42676 58197 57714 60725 56066 12160 60368 54435 55309 46550 59622 45669	[bos] 3017 337 609 46134 46134 46134 46134 46134 46134 46134 46134 46134 46134 29417 [eos]
661 920 2013 190 292 663 647 887 1656 646 237 1606 916 1617 1608 8 181 1653 890	[bos] 661 190 860 292 663 3052 8 647 2265 890 887 2996 2512 390 646 237 [eos]
255 525 92 134 263 266 395 264 34 247 9 267 262 265 20	[bos] 255 13633 92 134 263 266 395 264 34 247 9 267 262 265 20 [eos]
237 268 8 6834	[bos] 237 35570 268 6377 8 9025 38908 9025 38908 9025 38908 9025 38908 35570 [eos]
46 26 44 42 43 15267 275 45 95 41806 104 27 28	[bos] 115 116 74 70 275 27 28 26 73 15267 71 41305 50 72 [eos]
3085 13109 11897 5743	[bos] 9765 262 496 269 [eos]
21221 4235 240 4221 21657 17996 34 26587 12115 14 22402 6511 18616 11610 8138 20 21680 21712 21656 24989 1516 19679	[bos] 42848 55956 240 8694 3370 264 34 264 34 1461 262 59 471 915 2575 9 138 2456 138 48864
5599 5949 230 1709 2651 1329 1652 6096 5642 504 457 5503 1645 1102 94 254	[bos] 264 34 23462 375 61 59 164 37698 60 684 3211 13 216 9765 262 443 2 134 440 29
92 1 29 150 106 559 105 0 1717 11474	[bos] 1 106 105 0 1717 11474 2 559 [eos]
46 26 2504 44 42 45 95 41466 104 27 28 43 16636	[bos] 115 2504 116 16636 74 70 71 28 26 73 50 72 27 41498 [eos]
113 97 148 311	[bos] 113 97 148 [eos]
4656 54673 7096 26135 18399 5713 38 15 45595	[bos] 987 21204 7659 7659 7659 7659 7659 7659 7659 16405 7659 16405 7659 16405 40678 [eos]
1330 27140 202 1584 88 1068 1061	[bos] 1330 4581 202 77 6488 408 6488 [eos]
27715 24107 39 479 25306 26017	[bos] 39191 4 37912 14 35314 192 5816 22 [eos]
1660 1 22324 9978 1918 21960 54187 2 1267 0	[bos] 1660 50473 1918 2 32 3132 267 807 262 0 [eos]
3117 6852 55910 15845 1359 3484 2402 7329 51029	[bos] 3117 15845 8980 1377 1377 1377 6171 3484 2402 [eos]
574 46 44 42 43 575 45 95 16149 16134	[bos] 115 73 116 74 70 235 71 16149 72 16134 234 [eos]
7487 1145 3090 7464 1083 1128 14109 1134 1434 3638 1089 9267 3617	[bos] 7487 13769 1145 7464 3081 1083 1128 1134 1434 3638 1089 9267 3617 [eos]
1 52 48 2 18 43332 0 13	[bos] 69 1 61 59 48 2 18 60 52995 0 13 [eos]
113 97 148 311	[bos] 113 97 148 [eos]
988 135 4863 418 63	[bos] 988 135 436 63 [eos]
1620 35 93 25679 953 7340	[bos] 35 93 782 953 1600 3431 13510 225 14 [eos]
46 26 44 42 43 41953 275 16974 45 95 104 27 28	[bos] 115 116 41773 74 70 71 275 16679 27 28 26 73 50 72 [eos]
531 1830 1283 1632 387 21 441 1535 2083 312 349 321 317 1713 221 1499 515	[bos] 531 1830 1632 387 21 441 1535 2237 2083 312 2719 349 321 317 1713 221 1499 515 [eos]
90 534 228 542 368 62 3883 1143 216 5	[bos] 1143 90 534 228 542 8426 368 62 216 5 [eos]
32 25 5952 8 541 138 17 21668	[bos] 14261 32 25 132 5952 8 791 775 138 17 21668 [eos]
544 3693 232 3823 769	[bos] 544 2421 232 3823 769 [eos]
403 10 19639 537 14799 21183	[bos] 403 537 54244 24575 9 1317 [eos]
18291 4530 46713 9315	[bos] 22133 6770 46713 40911 [eos]
1 52 48 43127 2 18 52414 0 13	[bos] 69 1 61 59 48 56055 2 18 60 1 51131 0 13 [eos]
53319 81 252 52 2 18 59179 1 80 0 13	[bos] 2013 32 25 61 2 18 14479 29530 60 23595 1 80 0 13 [eos]
11157 710 2502 2517 808 5 3663 11918 53 2 1351 1098 1099 587 12059 11491 11859 810 11533 1 12178 809 704 1100 640 12243 0 435 671	[bos] 11822 710 2517 808 2518 2517 808 2518 28348 2518 28348 2518 3012 587 810 12108 809 704 12470 435
239 259 152 56680 2260 2244 1054 19273 12424 503 56668 11557	[bos] 239 8240 333 1324 3373 35222 5930 5930 13323 20316 262 33538 16682 32 25 [eos]
3236 57 9193 66 75 13	[bos] 3236 1 321 2 1643 7 0 13 [eos]
574 46 44 42 43 575 45 15881 95 17041	[bos] 115 73 116 74 70 235 71 15881 17041 72 234 [eos]
6935 92 1 29 150 8103 25236 0	[bos] 6935 1 8103 2 25236 7 0 [eos]
6541 18652 2554 7379 39010 6572 16	[bos] 14604 18652 133 2554 39010 6572 16 [eos]
157 156 154 159 218 219 354 158 155	[bos] 157 156 219 154 159 218 158 155 [eos]
928 7787 63 477	[bos] 928 63 477 [eos]
102 26924 2132 33472 245 244 19320 51 36010 39706 29980 2718 246 31677 36455 5151 31 23 33 22212 238 30 296 136 17	[bos] 102 36308 7965 2697 3527 36392 869 51 71 15900 60489 11153 36308 60489 213 3512 60489 60489 213 3512
2935 2511 7397 418 986 63	[bos] 2935 2511 418 14 63 [eos]
113 97 148 311	[bos] 113 97 148 [eos]
20 24 11 838	[bos] 20 11 113 24 [eos]
56689 4739 4649 12	[bos] 1497 1376 12 4579 14182 [eos]
1450 135 63 6030	[bos] 1450 135 63 [eos]
1158 1691 3538 1692 237	[bos] 1158 1691 3488 1692 237 [eos]
35713 2895 2919 3809	[bos] 2886 2949 3838 [eos]
92 1 2849 29 150 213 2301 0	[bos] 1 2 7 0 [eos]
2259 5624	[bos] 2259 5668 5559 5622 5577 [eos]
1199 2626 2636 1253 458 230 1536 644 254 258 1789 2666	[bos] 2626 2636 457 1253 230 5585 254 1307 258 1199 504 1789 2666 [eos]
2243 498 138 181 5468	[bos] 1458 237 176 181 498 570 305 1078 138 167 203 [eos]
574 46 44 42 43 16637 575 45 95 17227	[bos] 115 73 116 74 16637 70 235 71 15387 72 234 [eos]
50832 53656 1 52 48659 43479 48 47373 48640 49620 51927 2 48941 18 56090 56029 54186 0 13	[bos] 32 25 13129 5951 60 44834 263 59 48 2 32 13633 22332 0 2697 17580 4180 4572 2697 3527
323 5259 5252 315 1374 5157	[bos] 323 5259 76 5252 5157 5252 5157 [eos]
51702 1 52 48 2 18 53190 57694 45231 0 13	[bos] 21204 4349 52 48 2 18 42363 1 61 24442 2 18 9142 0 13 [eos]
21262 15 12 315	[bos] 76 21262 15 12 [eos]
661 190 860 292 663 3052 8 647 2265 890 887 2996 2512 390 646 237	[bos] 661 920 2013 190 292 663 647 887 1656 646 237 1606 916 1617 1608 8 181 1653 890 [eos]
35781 7659 3922 4937 3783 43470 3760 3803 5067 48812 3012 1800 7610	[bos] 21204 7659 4937 28951 10061 34350 3803 7610 5067 10963 3012 20309 24261 [eos]
454 615 1574 190 625 1581 1404 1002 8 396 178 1172 452 1576 853 10 90 216 284 1585 1333 639 1596 450 1080 368 276	[bos] 454 90 1574 625 32 1581 1404 1002 8 437 396 178 1172 1576 853 216 25 284 1585 1333
42675 10 9 59732	[bos] 42913 43302 9 59027 [eos]
39086 40 14024 23 41 5 2103	[bos] 16155 12 2013 32 40 37 23 27004 2312 1114 4180 [eos]
1693 1447 34632 1898 1642	[bos] 1693 1447 34632 1642 1901 [eos]
1 54382 52 48 2 18 0 13	[bos] 69 1 54382 61 59 48 2 18 60 0 13 [eos]
1 52 48 18 2 54523 46686 0 13	[bos] 69 1 61 59 48 18 60 2 6115 4 2700 13 [eos]
157 156 154 159 218 219 354 158 155	[bos] 157 156 219 154 159 218 158 155 [eos]
1458 237 176 181 498 570 305 1078 138 167 203	[bos] 2119 5 197 498 570 138 528 167 203 132 176 181 39 [eos]
3306 12725 3318 1137 9278 1695 14418 2807 77 1516 2287 2319 481 4120 1781 334 143 8203 1613 552	[bos] 11308 6166 18109 1137 1695 1137 1695 1695 1695 2 2807 2287 1695 481 4120 1781 143 1781 5783 12725
24796 21 36 10101 2933	[bos] 24820 10101 2933 [eos]
31 33 30	[bos] 407 165 533 603 [eos]
20152 19122 37580 20891 8 2844 15746 15765 10 18905 37 19401 16507 19691 18029 12662 15644 479 17	[bos] 4030 35936 55887 31 33 30 6319 30 1 30 2 10 30 3373 534 228 542 71 62 [eos]
2765 22971 96 12	[bos] 4689 4569 4571 4826 5530 12 [eos]
8111 237 32 1002 3674 3782 8 181	[bos] 237 32 1002 6822 3674 3782 8 181 [eos]
574 46 44 42 43 204 575 15502 45 16627	[bos] 73 74 70 71 15502 16627 72 234 193 235 [eos]
504 5550 1082 852 230 5676 31 8 33 1079 30 457 10 94 254	[bos] 5550 1082 10 458 852 230 5676 644 31 8 33 1079 30 94 254 [eos]
892 82 553 601 561 125 827 56922 611 211 408 14 828 3841 1043 829 813	[bos] 892 82 553 601 561 125 827 51034 1792 611 211 408 14 828 3841 1043 829 813 [eos]
536 3479 2508 3540	[bos] 924 1372 536 260 563 2508 [eos]
6000 2689 5878 230 4758 6052 5948 94 6063 5820 5901 457 3367 6092 5924 6119 6002 5652 6053 5874 5976 6048 5849 6041 13433 6120 6057 12 5859	[bos] 6000 90 2639 3045 292 3041 197 8 541 141 17 688 1315 970 23006 1315 970 37 1365 920
3871 5741 5120 28268 11643 28083 1477 8059 9 12213 27711 4893	[bos] 22598 11007 1 5120 1933 6667 4857 3179 2 28083 2783 27711 5826 0 5741 11699 9 1546 [eos]
5794 916 350	[bos] 5794 5 4182 7113 350 132 [eos]
1476 5387 167 202	[bos] 167 176 202 3854 [eos]
21301 46811 56804 52382 59148 20734 49014 20917 25254 18060 52461 19673 21211 19354	[bos] 21301 19673 [eos]
6159 304 3652 6595 5497 1997 39 3666 2761 5708 1344 3614	[bos] 1997 2761 4214 [eos]
46 26 44 41067 42 204 17070 45 104 27 28 43 372	[bos] 372 74 70 27 28 26 73 17070 71 50 72 28 42301 [eos]
11992 52734 9824 4811 919 624 17 78 432 2912 39 13809 6756 127 18103	[bos] 53774 18651 2194 2700 919 624 17 78 432 30650 30650 30650 30650 30650 1845 9029 30650 [eos]
574 46 44 42 43 16637 575 45 95 17227	[bos] 115 73 116 74 16637 70 235 71 15387 72 234 [eos]
1481 3250 4 2059 10758 3 982 724 6 1959 3552 3485 21 12789 3191 2092	[bos] 1481 3250 4 2059 10758 3 982 267 6 6218 1959 3552 3485 21 12789 3191 2092 [eos]
24770 36596 33538 622 499 31145 24308 11 269 1548 2623 25653 23516 286 1505 4938 23311 27158 25058 24721 24603 36 33302 282 30623 309	[bos] 24770 286 1056 36596 33538 622 499 31145 24308 11 269 25653 27158 25058 496 24721 24603 36 24603 36
67 1 99 337 942 2 163 7 5934 0 3522 91	[bos] 17901 67 99 337 942 2 173 4548 163 7 5934 3522 0 1 7898 [eos]
1556 1 29 550 7499 805 96 0 101 150 14 7412	[bos] 1556 1 29 550 7499 805 1771 96 0 101 150 7412 [eos]
27847 14910 44716 9626 19007 103 2 15 4919 1330 12072 4 17897 1061 1 20502 4848 1756 2203 2499 3 2655 18945 3933 4339 6 3842 6108 6315 0 7823	[bos] 19007 2 58000 15 3842 0 1330 12072 4 1061 1 20502 4848 1756 2203 2499 3 2655 18945 3933
5986 34969 36673 12807	[bos] 5986 36607 5986 1544 10305 [eos]
81 59342 124 52 2 18 51714 1 80 0 13	[bos] 81 69 124 61 59 2 18 18385 18385 60 3229 191 17580 1116 53002 21767 21567 19232 19232 1122
504 457 5569 852 230 1871 12361 10115 5449 2316 1709 1307 861 10873 94 254	[bos] 3579 839 3853 230 2110 644 31 33 1493 30 839 5569 6026 2630 852 12328 644 94 254 [eos]
135 907 63 3026	[bos] 135 907 63 [eos]
46 26 44 42 43 16793 275 45 95 27 28 40778 104	[bos] 115 116 74 70 275 27 28 26 73 69 34 1461 50 72 [eos]
3766 3954 11935 4775 5187 6375 36	[bos] 3766 11327 3954 4775 5187 6375 36 [eos]
28514 586 4 466 1 866 97 3 109 32552 11 6 12538 0 6572 16 249 3565 2 780 7 15 210	[bos] 4 2 2034 266 264 34 1458 237 3 586 11 82 176 305 1078 138 11 [eos]
14574 196 33225 881 884 882 34005 781 776 1320 83 2330 578 783 565 774 885 620 507	[bos] 20236 196 881 884 882 34005 781 776 2 2330 1788 1 123 783 565 774 885 620 507 [eos]
46 26 44 42 43 806 328 15709 45 11132 50 27 28	[bos] 74 193 71 880 27 28 26 73 806 70 50 72 24126 [eos]
37 31 33 30	[bos] 5 40 37 23 41 [eos]
1 52 48 2 18 59515 0 13	[bos] 69 1 61 59 48 2 18 5404 59 0 13 [eos]
243 10 837 18782 20329 28139 6919 57530 9 38	[bos] 243 10 837 6919 27889 9 38 [eos]
716 3044 6262 13609	[bos] 14096 716 3044 13609 [eos]
81 252 52 58268 2 18 42935 1 80 0 13	[bos] 81 69 124 58268 61 59 2 18 42935 60 1 80 0 13 [eos]
588 374 2161	[bos] 2 0 1 5534 [eos]
8914 34767 2918 14208 13751 12 39537	[bos] 8914 34767 29141 2918 14208 14208 14208 14208 14208 14208 39537 [eos]
1 31413 101 2 0 15593 14	[bos] 1 2 101 1 101 2 1122 47 7 0 [eos]
81 49102 252 52 2 18 43130 1 80 0 13	[bos] 81 69 58644 124 61 59 2 18 41 60 1 80 0 13 [eos]
35 111 5 9864 53 9381 6138 8972 6028 880 432 222 11240	[bos] 35 111 42151 5 26085 55956 8461 16883 105 5533 19411 4362 6948 [eos]
102 6786 10 374 2078 31 8 33 30 2698 2701	[bos] 2078 31 33 30 2698 2701 [eos]
27244 92 1 29 16396 8512 150 0	[bos] 27244 1 16396 8512 2 7 0 [eos]
57475 209 208 285 15	[bos] 209 208 285 15 [eos]
742 1662 854 737 745 739 733 735 89 6 773 12 4 738 731 734 741 3	[bos] 742 737 471 745 739 1729 733 735 89 6 773 12 4 738 731 734 741 3 [eos]
19705 18631 5068 523 1 469 1020 459 2624 543 22 2145 547 0 4 1593 3 1697 2274 2 21782 5084 1711 740 1338 14 10195	[bos] 5063 4 5068 523 1 1456 469 1020 994 459 2624 543 22 2145 547 0 4 1593 3 1697
1554 67 1473 1342 1854 11	[bos] 107 1554 67 1342 1854 11 [eos]
7868 11667 14691 5838 394	[bos] 14691 5838 6169 6169 394 [eos]
33663 3816 2193 2186 169	[bos] 19324 33663 3816 2193 2186 169 [eos]
32 25 319 386 8 335 305 141 167 203 350 176 212 320 541 614 17	[bos] 390 848 32 319 791 775 320 17 167 203 5 25 350 132 176 212 197 386 8 39
7588 9435 2193 3371 2186 7838 7440 11358 169 3064 11850 5618 11377	[bos] 7588 9435 2193 3371 2186 7838 7440 11358 169 3064 11850 5618 11377 [eos]
2554 8639 3938 103	[bos] 2554 8639 96 3938 103 [eos]
100 390 3040 5 40 132 197 39 51 138 460 528 41 141	[bos] 3040 8137 5 40 181 51 305 100 2013 138 460 41 141 [eos]
964 1726 37813 179	[bos] 964 1726 179 2159 [eos]
661 920 190 292 663 647 887 1656 614 646 237 1606 916 1617 1608 8 181 1653 890	[bos] 661 190 860 292 663 3052 8 647 2265 890 887 2996 2512 390 646 237 [eos]
10 5019 703 5 3861 1712 4958 1116 1799 6441 4109 2262 435 3163 2242 915 2256 736 1758 11620 744 1626 53 4957 532 2248 13857	[bos] 703 5 1712 1116 744 1799 532 2248 2262 3163 2242 915 2256 736 1758 1626 53 21299 [eos]
892 82 553 601 125 827 8523 3 611 1043 211 408 14 6 828 48734 4 561 829 54758 813	[bos] 892 82 553 601 125 827 8523 3 1792 611 1043 211 408 14 6 828 44965 553 829 813
67 93 24153 4386	[bos] 67 93 23413 4058 [eos]
46 26 44 42 43 16721 518 42469 45 95 104 27 28	[bos] 115 116 70 518 71 27 28 42474 115 26 73 74 42429 116 17303 50 72 [eos]
48600 367 5 23 41 55 40	[bos] 6026 2630 5 5502 74 55 40 684 [eos]
2935 7397 418 63 477	[bos] 2935 418 63 477 [eos]
2119 5 197 498 570 138 528 167 203 132 176 181 39	[bos] 1458 237 176 181 498 570 305 1078 138 167 203 [eos]
392 769 1011 11269 9673 78 11106 11104 10790 28067 7177 42930 24521 62 57781 125 44779 39 15 12258	[bos] 11269 10887 78 12258 62 1011 28112 39 60213 12258 78 1458 237 223 498 570 305 1078 138 0
177 4 1 6484 29 9 2 914 232 3 7370 1680 164 23088 1410 25645 557 173 7723 4956 54923 0 57533	[bos] 177 4 1 32 114 2 32 25 6760 3488 232 3 7680 0 18651 32 2013 9907 [eos]
5832 100 4046 4038 6335 3063 5950 6538 51 1304 186 1526 98 1476 6343 167 2414 393 4033 1275 3475 3032 176	[bos] 5832 4033 4046 4038 3475 5604 3063 6538 1526 1476 6343 167 2414 3032 176 [eos]
10 703 5 3861 1712 4958 1116 744 1799 4109 2248 2262 435 11388 5019 3163 2242 915 2256 736 1758 1626 53 4957 532	[bos] 703 5 1712 744 1799 532 2248 3163 2242 915 2256 736 1758 1626 53 [eos]
438 4 1 405 3 6 27742 19 675 2 389 0 47261	[bos] 438 4 1 3831 3813 1 0 19 675 1033 405 3 3837 2 389 [eos]
5275 3380 860 181 2746 138	[bos] 1736 1557 181 138 2643 [eos]
32 25 303 23 51 136	[bos] 92 1 19 29 150 2628 51 0 16958 92 [eos]
46 26 44 42 43 23767 632 328 45 23481 50 27 28	[bos] 74 70 71 23481 27 28 26 73 193 632 23767 50 72 [eos]
31697 2453 33834 1162 2446 3754 7080 1880 2519 1894 5529 31613	[bos] 3176 3176 3176 3176 2446 3754 7080 14 1880 2519 1894 5529 31553 1403 1377 [eos]
115 73 116 74 70 235 71 35534 33443 72 234	[bos] 1366 485 488 486 664 40378 484 35939 1369 487 [eos]
1 52 48 2 18 59371 0 13 48950	[bos] 69 1 61 59 48 2 18 60 264 34 247 0 13 [eos]
98 100 393 196 2042 21938 56170 19696 23 51 186 136 2899 475 22172 6575 2717 2276	[bos] 98 100 393 196 2042 21938 19696 23 51 186 2899 475 22172 6575 2717 2276 44746 136 [eos]
2243 181 498 570 138	[bos] 1458 237 176 181 498 570 305 1078 138 167 203 [eos]
536 5021 1676 1493 138 30 1393 197 31 33 4071	[bos] 875 176 305 138 167 203 1968 1163 1678 181 [eos]
56407 81 252 52 43968 2 18 1 80 0 13	[bos] 21204 81 69 124 61 59 2 18 60 55221 533 60 1 80 0 13 [eos]
3446 9839 691 6342	[bos] 3446 9568 691 6342 [eos]
92 1 8781 2644 47 8801 10233 0 10592 29 8690 10688 7601 150	[bos] 1 8781 2 2644 47 10233 0 10592 8690 10688 7601 7 8801 [eos]
2109 330 3028 11	[bos] 2109 76 330 11 [eos]
39246 10832 35463 34453 39312 37753 2 32397 37800 38424 13072 0 9104 6497 1 79 8516 18120 191 7312 101 5483 5568 39957 14279 7037	[bos] 39246 34453 34453 39312 39312 34453 2 34453 13072 0 6497 1 79 6497 3431 6497 3431 6497 1297 6497
1440 513 34117 269 309 1070 579 286 938	[bos] 579 513 35442 269 309 863 286 513 938 [eos]
327 694 2338	[bos] 4 206 3059 3 11 54 [eos]
351 4 27482 240 12075 58457 54201 22 33851 14 12223 27878 45275 3 7485	[bos] 351 4 240 12075 58457 54201 22 33851 14 12223 45275 3 7485 28109 27381 [eos]
47711 1834 2322 20616 47508 5 1553 5028 949 23 673 94 873 779 17708 41 11963 17601 40 15522 1875 2179	[bos] 11963 264 1818 5012 4976 3162 949 673 873 779 15007 262 0 779 56155 43050 1 123 40 2
81 252 52 18 50349 1 80 2 47995 0 13	[bos] 81 69 124 61 59 18 56671 60 1 80 2 59467 0 13 [eos]
8185 15460 1477 3871 8296	[bos] 8185 2876 3871 8296 1477 2926 [eos]
20833 958 44741 20952 15478 503 13136 20673 13354	[bos] 2152 958 20952 15478 13136 20673 503 13136 20673 13354 384 13136 20673 13354 3438 [eos]
1866 31 33 30	[bos] 20543 164 2 121 0 1 24632 [eos]
46 26 44 42 204 16523 45 104 27 28 43 41927 372	[bos] 372 74 193 27 28 26 73 41000 70 71 16523 50 72 [eos]
875 176 305 138 167 203 1968 1163 1678 181	[bos] 875 1676 1163 2775 138 [eos]
729 16078 5 1945 24408 258 1306 292	[bos] 729 5 1945 153 5641 258 1306 292 [eos]
243 126 4 46656 1 51006 58320 12003 3 505 42782 7 6 22479 22552 45966 220 59372 2 55240 55385 17060 85 54869 49172 47026 0 13 4992	[bos] 243 126 4 4689 1 11382 264 34 3 8129 71 11875 16316 8129 2426 1 9765 7964 26623 2
1297 259 1 50751 101 3198 2 1539 635 0 1582 19 7 29436	[bos] 1297 196 1 3012 3012 10887 3012 10887 176 305 138 19 138 2 3012 [eos]
3711 11870 51133 43702	[bos] 3711 1317 263 266 264 34 247 267 [eos]
742 1662 854 737 745 739 733 735 89 6 773 12 4 738 731 734 741 3	[bos] 742 737 471 745 739 1729 733 735 89 6 773 12 4 738 731 734 741 3 [eos]
2977 1 8959 2 18593 8925 9211 19 0 13978	[bos] 21204 5268 1 3017 337 21204 5268 2 13487 0 8461 5507 [eos]
360 15132 6435 212 6353 963 3048 1159 6555 6423 1526	[bos] 360 4033 4046 4038 1158 5604 3063 5950 6538 1526 5604 5950 14983 6518 3032 176 [eos]
157 156 154 159 218 219 354 158 155	[bos] 157 156 219 154 159 218 158 155 [eos]
574 46 42 43 575 45 95 16046 17132 44	[bos] 115 73 74 70 235 71 17027 72 234 32 [eos]
4419 9728 727 4524 4292 4082 4081 4288 4287 4079 4286 9693 9416 726 4092 4183 9691 9690 4414 4412 9702 4411 9700 4488 9698 4417 9697 4415 9706	[bos] 4419 727 4411 4183 4183 4411 4411 4411 3431 3431 4411 4411 4411 4411 4411 4411 4183 4411 4411 4183
1336 2991 3000 1352 1339 1337 1343 1332 1334 1354	[bos] 2392 5951 2369 1336 1352 2380 1339 1337 1343 2375 1332 1334 1354 [eos]
6960 1905 57 605 66 30664 75	[bos] 19 2 19 1905 2 34 1 0 [eos]
57972 765 49395 199 47399 18901 784 1373	[bos] 57972 49395 199 47399 18901 784 1373 [eos]
81 57263 48460 252 52 2 18 1 80 0 13	[bos] 81 69 45624 124 61 59 60162 2 18 60 1 80 0 13 [eos]
1199 2626 2636 1253 458 230 1536 644 1789 2666 94 254	[bos] 2626 2636 457 1253 230 5585 1307 1199 504 1789 2666 94 254 [eos]
619 99 1436 757 1437 28458 88	[bos] 619 99 757 88 [eos]
2700 3380 860 181 5275 237 2746 138	[bos] 1736 1557 181 138 2643 [eos]
1830 1283 387 21 2214 441 1535 2083 312 786 551 531 56 1632 514 349 321 317 1713 221 1499 515	[bos] 1830 387 21 2214 441 1535 2237 2083 312 2719 786 551 531 56 1632 514 349 321 317 1713
46 26 44 42 43 23235 632 328 45 24819 50 27 28	[bos] 74 71 27250 27 28 26 73 24152 70 193 632 50 72 [eos]
20055 27334 6889 27232 20140 3654 6939 2855 3152 21463 4349 2938 7135 8730 26911	[bos] 20055 27334 6889 27232 20140 3654 6939 2855 3152 26911 21463 4349 2938 2938 7135 [eos]
4 16806 113 3 872 273 27855 7145 26642	[bos] 4 1 264 34 3 34 7489 2 559 [eos]
457 5644 230 5480 6022 1652 861 1645 1102 94 254 5956 1329	[bos] 458 230 2111 2110 5480 5956 861 6022 5576 94 254 1295 2106 [eos]
327 56 21 3 8982 22931 11991 6 4302 4 46475 4530 2615 1784 5892 58827 91 3004	[bos] 327 6770 56 21 3 8982 22560 11991 6 4302 4 4302 27866 1784 5892 27866 27866 27866 27866 8143
56476 1 52 47697 48 2 18 0 13	[bos] 10101 2933 1 61 59 48 2 18 29479 60 0 13 [eos]
92 1 8781 2644 47 8801 10233 0 10592 29 8690 10688 7601 150	[bos] 1 8781 2 2644 47 10233 0 10592 8690 10688 7601 7 8801 [eos]
46 26 44 42 43 41072 16316 275 45 95 104 27 28	[bos] 115 116 42425 74 70 71 16316 275 27 28 26 73 50 72 [eos]
255 265 525 134 263 266 395 264 34 247 303 267 262	[bos] 255 265 134 263 266 395 264 34 247 303 267 262 5267 [eos]
46 26 44 42 43 41177 204 682 104 27 28 45 16461	[bos] 74 175 71 73 3750 923 27 28 26 73 70 682 50 72 [eos]
168 1787 182 160 3133 6591 6440 4129 4089 1837 4197	[bos] 2414 168 1787 182 160 3133 6591 6440 4129 4089 1837 4197 [eos]
661 190 860 292 663 3052 8 647 2265 890 887 2996 2512 390 646 237	[bos] 661 920 2013 190 292 663 647 887 1656 646 237 1606 916 1617 1608 8 181 1653 890 [eos]
661 920 2013 190 292 663 647 887 1656 646 237 1606 916 1617 1608 8 181 1653 890	[bos] 661 190 860 292 663 3052 8 647 2265 890 887 2996 2512 390 646 237 [eos]
48304 2560 10 47431 2872 2585 396 2730 47063 2695	[bos] 637 46011 537 46011 44625 3512 9765 9765 267 262 [eos]
46 26 44 42 43 40822 45 95 104 27 28 518 16303	[bos] 115 116 74 41639 70 71 27 28 26 73 518 16303 50 72 [eos]
92 1 336 19 1453 22433 150 173 47 96 0 29 23097	[bos] 1 336 19 23311 2 26969 47 7 2 173 [eos]
1070 25204 12621 1405 499 2623 286 1505 269 12048 1548 1408	[bos] 263 266 264 34 247 267 262 134 22267 24770 286 5534 [eos]
1 52 48 2 18 46940 0 13	[bos] 69 1 61 59 48 2 18 60 52995 0 13 [eos]
390 32 319 791 320 17 167 203 5 25 350 132 176 212 197 386 8 39 335 775 528 141	[bos] 32 25 319 386 8 335 305 141 167 203 350 176 212 320 541 614 17 [eos]
27847 14910 44716 9626 19007 103 2 15 4919 1330 12072 4 17897 1061 1 20502 4848 1756 2203 2499 3 2655 18945 3933 4339 6 3842 6108 6315 0 7823	[bos] 19007 2 58000 15 3842 0 1330 12072 4 1061 1 20502 4848 1756 2203 2499 3 2655 18945 3933
1158 1691 3488 1692 237	[bos] 1158 1691 3538 1692 237 [eos]
14574 2330 196 881 884 30689 882 781 776 1320 578 783 565 774 885 620 507	[bos] 14574 2330 196 1788 881 884 2575 196 2451 882 578 783 565 774 885 620 507 [eos]
574 46 44 42 43 45 95 16653 16639 575	[bos] 115 73 116 74 70 235 71 16639 16653 72 234 [eos]
933 1367	[bos] 90 4246 400 1367 178 [eos]
16779 716 32 3044 8	[bos] 716 32 25 3044 8 [eos]
41798 374 8118 40954 17 8871 42126	[bos] 16155 10 10013 8118 17 [eos]
10 40 8650 9880 23 54976 55449 59817 41 11214 7146 609 11233 5 11537 20521 21101 19894 4428 20282 4407 47105 12164 11223 48466 11976 11997	[bos] 10 40 26969 34 41213 23 16678 41 [eos]
201 38860 22351 700	[bos] 207 8496 59192 264 34 700 [eos]
1143 90 534 228 542 368 62 216 5	[bos] 1143 90 216 228 368 62 [eos]
30383 38472 13357 29451 39052	[bos] 2 11327 0 133 2697 [eos]
5068 523 1 469 1020 19036 459 2624 543 22 14 2145 547 0 4 1593 3 1697 2274 2 5084 1711 740 1338	[bos] 5068 523 1 1456 469 1020 994 459 2624 543 22 14 2145 547 0 4 1593 3 1697 2
58900 52 46627 48 2 18 59731 1 0 13	[bos] 69 45006 1 47793 61 59 48 2 18 60 0 13 [eos]
5953 457 230 1102 5802 254 1307 258	[bos] 5953 458 230 1536 5802 254 1295 258 [eos]
82 36218 1 38 2462 15 0 2 3802	[bos] 82 2625 1 38 2462 15 0 2 3802 [eos]
530 4 3 6857 20195 4158 12980 2342 4772	[bos] 125 2013 32 25 264 34 8 267 807 262 [eos]
59257 12 18693 642	[bos] 12 16316 2215 37 2164 2215 [eos]
907 63 278 3026	[bos] 907 63 278 [eos]
81 53547 48076 252 52 2 18 1 80 0 13	[bos] 81 5063 69 6026 124 61 59 18 124 61 60 1 80 0 13 [eos]
100 90 609 40 4166 51 178 460 216 5 2535 4239 1150 23 368 41 141	[bos] 100 90 609 40 4273 23 51 178 460 216 5 368 41 141 [eos]
4 68 3 8149 58 87 36662 22	[bos] 44638 49081 22440 50527 24 37059 27297 [eos]
46 26 44 42 43 328 45 26029 50 27 28 632 26389	[bos] 74 70 71 26029 27 28 26 73 193 632 24442 50 72 [eos]
12235 1297 11570 93 589 7529 17649 2 635 1319 0 20511 12060 18450 1 10307 1544 19506	[bos] 12235 1297 1071 93 17649 7529 20511 93 635 20511 93 17649 635 9765 262 265 134 20511 [eos]
90 3458 3378 1474	[bos] 39 3378 1474 [eos]
892 553 8443 601 561 125 827 611 408 14 4337 6391 211 51463 829 813 12130 828	[bos] 892 553 8443 601 561 125 827 1792 611 408 14 4337 6391 211 55501 829 813 12130 828 [eos]
2307 19 2 51008 0 53533 2952 1 123 316 2197 58492 3971	[bos] 122 2307 19 176 9825 1315 4712 [eos]
1169 201 10625 32423 36 5243 700 8093 2224	[bos] 207 985 10625 32423 36 5243 700 8093 2224 [eos]
157 156 354 154 159 158 155	[bos] 157 156 154 159 158 155 [eos]
1027 656 423 930 5379 981 23 39 1142 1130	[bos] 1027 5051 930 981 23 39 1142 1130 [eos]
12351 710 810 2517 12433 808 2518 28221 28267 31 12589 640 33 12664 587 30 809 704 435 671	[bos] 11822 710 2502 2517 808 5 11605 53 11399 1098 1099 33 27661 587 27821 810 12108 809 704 1351
1286 142 39130 76 44954 1287 1741 1288 179 46859	[bos] 1286 142 2303 1189 34 1287 1741 1288 179 34 [eos]
5455 457 3731 2316 254 1709 5988 5456 832 230 5006 1936 258	[bos] 5455 3579 254 5988 458 5456 832 2630 3731 230 5006 1936 258 [eos]
26447 7362 211 47 4139	[bos] 7362 47 1804 4139 211 1552 [eos]
44977 131 43009 55182 192 52241 47270 53595 629 45406	[bos] 371 2515 317 207 16731 22041 5210 28717 28717 16950 [eos]
113 97 148 311	[bos] 113 97 148 [eos]
157 156 354 154 159 158 155	[bos] 157 156 154 159 158 155 [eos]
46 26 44 42 43 16800 42546 518 45 95 104 27 28	[bos] 115 116 41037 70 518 71 27 28 26 73 74 16800 50 72 [eos]
834 4 1108 56 21 3 103 36 15678	[bos] 10 4 5797 56 3 4378 8612 36 6398 [eos]
1 52 48 2 18 52264 60663 0 13	[bos] 69 1 61 59 48 2 18 60 52995 0 13 [eos]
22189 18385 21767 21567 19232 1122 983 1380	[bos] 22189 18385 53930 21767 21567 19232 1122 983 1380 [eos]
574 46 44 43 575 45 95 16409 17168 42	[bos] 115 73 116 17168 74 70 235 71 16409 72 234 [eos]
157 156 154 159 218 219 354 158 155	[bos] 157 156 219 154 159 218 158 155 [eos]
12836 1112 4530 133 363 56124	[bos] 12836 8813 6770 133 363 56124 [eos]
855 935 32 25 940 939 941 896 8 1097 138 396 2081	[bos] 2141 855 1927 935 32 25 940 939 941 896 8 396 1097 138 [eos]
5794 5 4182 7113 350 132	[bos] 5794 916 350 [eos]
1336 2991 3000 1352 1339 1337 1343 1332 1334 1354	[bos] 2392 5951 2369 1336 1352 2380 1339 1337 1343 2375 1332 1334 1354 [eos]
46 26 44 42 43 45 95 24819 50 27 28 414 23235	[bos] 115 116 74 71 27250 27 28 26 73 414 24152 70 50 72 [eos]
11339 11718 189 1 11707 2 7 519 0	[bos] 11339 11718 1 150 519 0 189 92 29 11707 [eos]
1 52 43031 48 53131 2 18 0 13	[bos] 69 1 6038 48 6038 6263 2 18 60 0 13 [eos]
5272 79 35977 40035 3197	[bos] 5272 3195 79 6252 18864 [eos]
661 920 190 916 292 663 8 647 2265 3139 890 887 390 646 237	[bos] 661 920 190 292 663 647 887 1656 614 646 237 1606 916 1617 1608 8 181 1653 890 [eos]
35886 2252 2933 3416 4333 34039 34726 107 29302 11	[bos] 3098 6970 23415 1506 96 6506 17133 107 3431 13510 2438 5000 4979 [eos]
574 46 44 42 43 17282 575 45 95 15884	[bos] 115 73 116 74 17282 70 235 71 15884 72 234 [eos]
1 52 50975 48 53246 2 18 57334 59821 60119 57508 0 13	[bos] 69 1 61 48 56055 2 18 54244 60 58089 1 51131 0 13 [eos]
31948 7772 93 121 11641 184	[bos] 1317 22 567 395 264 34 121 184 [eos]
8285 19278 18270 21732 1902 19258 3093 5485	[bos] 8285 19278 18270 21732 1902 19258 3093 17255 2371 [eos]
55690 45752 15185 15022 8502 1315 14924 14768 53951	[bos] 14768 14768 14768 [eos]
81 43384 252 52 59558 2 18 1 80 0 13	[bos] 81 69 45624 124 61 59 60162 2 18 60 1 80 0 13 [eos]
19116 19030 1 9 2 18548 47 0 20316 20985	[bos] 19116 19030 1 48336 9 2 18548 47 0 20316 20985 [eos]
15079 44541 19859 109 56530 1883 57997 44219 18082 48324	[bos] 29483 18082 14933 109 18040 18040 18040 18040 15079 19859 19859 21168 21168 26369 52215 52725 52725 52725 52725 [eos]
46 26 44 16598 42 43 806 328 45 11378 50 27 28	[bos] 16598 74 70 71 11378 27 28 26 73 806 70 50 72 [eos]
574 44 42 43 575 45 95 17327 46 16808	[bos] 115 16808 73 116 74 70 235 71 17327 72 234 [eos]
133 6 96 8490	[bos] 39137 3145 8490 [eos]
5039 4966 2438 5015 3457 4870 2437 5025 3438 4853 4892 3431 3433 2456	[bos] 3431 13510 2438 5000 4979 5056 5053 2437 4960 3438 3433 2456 4985 3457 [eos]
24401 26826 1 24954 2707 173 0 19 23505 10741 150	[bos] 24401 26826 1 24954 10741 2 2707 173 0 19 23505 [eos]
81 252 52 58199 2 18 1 80 50973 0 13	[bos] 81 69 124 61 45455 2 18 60 1 80 2215 29 2 3407 1 80 0 13 [eos]
84 10 399 1552 2846 1616 40521 60174 396 36565 114 1604 55673 9547 8 260 313 384	[bos] 84 10 609 609 2015 1552 7690 30 38424 2286 114 2015 1552 1461 [eos]
3005 25 2060 3672 8 17 2010 32	[bos] 3964 25 4397 2060 8 17 2010 32 [eos]
57280 58050 59324 1 52329 52 57663 48 2 18 45825 0 13	[bos] 3373 12942 69 1 3373 15210 2 18 60 2034 2215 29 3373 3373 15210 3373 3373 3373 15210 15210
73 26623 74 71 72 234 24575 70 193 235	[bos] 1366 485 26623 488 24575 486 484 1369 487 2269 [eos]
56333 58809 22124 18721 21123 3498 44429 18877 3800 3839 8535 3821 8209 18509 8621 8583 8117 8539 58520 8163 8543	[bos] 18721 21123 8057 3800 3839 3821 8094 8322 8404 5277 5291 3498 18877 3498 22124 [eos]
1048 17432 1949 1479 441 321 312 317 282	[bos] 1048 441 1535 2237 2719 1479 349 321 317 221 282 [eos]
1 52 48041 48 2 18 57490 0 13	[bos] 69 1 59 48 2 18 57490 60 61 48041 0 13 [eos]
50651 42676 58197 57714 60725 56066 12160 60368 54435 55309 46550 59622 45669	[bos] 3017 337 609 46134 46134 46134 46134 46134 46134 46134 46134 46134 46134 29417 [eos]
40713 143 2023 333 1371	[bos] 143 15220 143 333 9825 213 1461 2297 2317 [eos]
46 26 44 42 43 632 328 45 23249 27 28 50 26920	[bos] 74 70 71 23249 27 28 26 73 193 632 50 72 26920 [eos]
1 58094 45512 52 48 2 18 0 13	[bos] 69 1 35570 61 48 2 18 60 6038 266 266 59 4871 [eos]
100 10 1 168 216 411 444 164 2 384 51 684 0 443 406 190 134 440 29 413 291 412 409 160 8 560 788 437 86	[bos] 10 1 168 216 411 444 164 2 86 384 51 684 0 615 100 443 406 190 134 440
115 73 116 23355 74 235 71 72 234 24500 70	[bos] 1366 485 25390 488 486 664 484 24309 1369 487 [eos]
1693 37175 1447 1898 1642	[bos] 1693 37175 1447 1642 1901 [eos]
10 5019 703 5 3861 1712 4958 1116 744 1799 6441 4109 2248 11114 2262 435 3163 2242 915 2256 736 13362 1758 1626 53 4957 532	[bos] 703 5 1712 1116 744 1799 532 2248 2262 3163 2242 915 2256 736 1758 1626 53 [eos]
4177 3156 3411 3978 2736 53 957 3408 962 5 2735	[bos] 962 5 5063 53 4 17610 0 [eos]
58723 11100 13619 27807 13986	[bos] 58724 18716 58724 18716 9142 [eos]
4 3 130 96 4946	[bos] 8639 2667 21204 130 96 [eos]
2700 3380 860 181 5275 237 2746 138	[bos] 1736 1557 181 138 2643 [eos]
26372 23931 182 20589 50995 39 479	[bos] 2164 4380 182 3344 13510 2438 5000 4979 5056 5053 2437 [eos]
255 265 525 134 263 266 264 34 247 267 807 262 303 797	[bos] 255 265 13633 134 263 266 264 34 247 267 807 262 303 797 [eos]
7494 7491 6299 7477 7481 53 957 6301 962 7482 5 4181	[bos] 2 4 1 0 3 1997 429 9765 5 37049 4214 [eos]
855 935 32 25 940 939 941 896 8 1097 138 396 2081	[bos] 2141 855 1927 935 32 25 940 939 941 896 8 396 1097 138 [eos]
113 97 148 311	[bos] 113 97 148 [eos]
16779 716 32 3044 8	[bos] 716 32 25 3044 8 [eos]
92 1 29 150 24366 47 7847 0	[bos] 1 24366 2 47 7 7847 0 [eos]
3766 3954 11935 4775 5187 6375 36	[bos] 3766 11327 3954 4775 5187 6375 36 [eos]
1 173 0 10741 150	[bos] 1 10741 2 173 0 [eos]
209 208 285 15 54719	[bos] 209 208 285 15 [eos]
57982 1 52 47794 48 2 18 57683 43387 57351 0 13	[bos] 1 2 69 848 48 56055 18 4864 6939 2855 3152 6263 6263 24 5816 2 1103 96 0 13
5904 3050 4525 8339 4365 1610 221 1687 1942 34961 5807 143 35704 6037 33247 5909	[bos] 53315 3050 143 8339 4365 1610 22332 221 1942 34961 7113 6366 875 3841 2 6357 [eos]
15956 10530 1 2420 2 2566 56884 6976 60370 0 50488 59997 23279 152 2439 6329 3387 795 6927 49443 49493 44526 4799	[bos] 15956 1 2420 2 2566 56884 6976 60370 0 50488 7939 7939 7939 7939 7939 7939 7939 7939 7939 7939
11428 11833 4226 878 2196 96	[bos] 11428 1006 11833 4226 2196 96 [eos]
1530 1586 868 1532 1488 191 1689 2688 0 456 1531 1 79 2 37579	[bos] 1530 1586 2790 868 1532 1488 191 2 1689 0 456 1531 1 79 3166 7180 [eos]
199 194 366 10345 46742 3232	[bos] 11428 11833 4226 878 2196 96 [eos]
988 23454 15084 19347 63	[bos] 407 988 7135 [eos]
16 619 99 77 273	[bos] 16 619 99 273 [eos]
4450 1 101 2 11467 3193 4148 3504 7537 0 7268	[bos] 5631 4732 1 8809 11672 11467 7454 4148 0 101 150 [eos]
4132 9070 39 5751 17	[bos] 19586 78 30731 18651 62 [eos]
1740 259 101 1054 0 7903 1 2 370 7 401	[bos] 5951 92 1 29 150 21204 5063 92 0 151 2215 29 898 71 25466 32 50 72 [eos]
5681 10 634 1285 260 5611 3685 2619 374 313 5556	[bos] 10 634 2619 1372 1285 5464 260 25639 3670 5556 [eos]
54398 4 48844 58699 1783 26033 49393 27315 26356 3 36660 6 12479 31560 48926	[bos] 176 181 498 570 264 34 8412 16133 16133 16133 16133 16133 16133 16133 16133 46631 46631 [eos]
1 52 2 18 45480 48 0 13	[bos] 69 1 61 59 2 18 60 45480 48 0 13 [eos]
157 156 154 159 218 219 354 158 155	[bos] 157 156 219 154 159 218 158 155 [eos]
770 860 536 5203 3479 3540	[bos] 770 5489 924 1372 4930 536 260 563 [eos]
135 1140 381 722 47738 57835 225 5552 14808	[bos] 3337 [eos]
2245 1 2 5217 0	[bos] 92 2245 1 29 150 5217 0 [eos]
41981 2227 3080	[bos] 41055 2227 5245 3080 [eos]
46 26 44 42 43 414 27101 45 95 27 28 25460 50	[bos] 115 116 74 71 27277 27 28 26 73 414 70 50 72 [eos]
585 7924 689 420 12111 4196 205 951 14612 3799 571 1793 606 2312 13435 7388 26219 921 301 5463 6968	[bos] 585 92 1 4059 32 11485 689 14612 3799 571 1793 606 2312 1114 226 5930 13633 921 301 5463
3269 1321 3288 3289 15128 191 3291 1696 3279 3231 4254 14772 3229 3245 6372 6340 3234 3214 3296	[bos] 1321 3288 3289 3229 191 3291 1696 3279 3269 4467 3231 4254 3245 6372 6340 3234 3214 3296 [eos]
54356 52628 48486 16912 57208 16739 41738 50241 49775 59823 60567 45719	[bos] 19255 19255 789 5063 10737 0 11275 6488 49287 9 56000 24770 [eos]
196 881 884 882 51906 781 776 1320 578 783 565 774 1263 885 620 507	[bos] 196 1788 881 884 882 51906 781 776 578 783 565 774 1263 885 620 507 [eos]
785 968 55165 3767	[bos] 785 34 334 27334 [eos]
6717 2430 2452 3162 145 1677	[bos] 2430 2452 145 5012 4976 3162 [eos]
7498 8166 7503 7490 6841 7480 7478 7484 7483 7492 6845 332 37 7505 9016 331 6859 17055 6860	[bos] 7498 8166 7501 7490 6841 7480 7478 7484 7484 7484 7484 7492 6845 332 37 6860 7505 331 6859 [eos]
46 26 44 42 43 682 45 41551 104 27 28 16463 204	[bos] 25201 74 70 71 27 28 26 73 70 682 50 72 28 42301 [eos]
924 1372 536 260 563 2508	[bos] 536 3479 2508 3540 [eos]
99 1436 1674 1437 27666	[bos] 99 1674 [eos]
92 1 29 150 106 559 105 0 1717 11474	[bos] 1 106 105 0 1717 11474 2 559 [eos]
255 265 525 134 263 266 264 34 247 267 807 262 303 797	[bos] 255 265 13633 134 263 266 264 34 247 267 807 262 303 797 [eos]
1659 5130	[bos] 1659 5130 1370 28248 96 [eos]
1336 2991 3000 1352 1339 1337 1343 1332 1334 1354	[bos] 2392 5951 2369 1336 1352 2380 1339 1337 1343 2375 1332 1334 1354 [eos]
2303 1314 2590 770 1971 79 2592 2595 2058 319 1984 86 2586 320 2608 1727 1081 2599	[bos] 2303 1314 770 1971 79 2592 2595 2058 319 1984 86 2586 320 2608 1727 304 2590 1081 2599 [eos]
92 29 38 970 25836 15 96 47 1365	[bos] 1 38 2 25836 47 15 96 0 [eos]
710 810 1 808 1353 1351 1099 12460 587 2813 12532 2831 809 704 32607 29624 2 36241 12671 1098 1100 640 0 435 671 2827	[bos] 14360 710 808 3663 1353 2 1351 1098 1099 587 2813 2831 809 704 1351 31 1100 640 16950 2170
46 26 44 42 204 15345 42268 45 104 27 28 43 372	[bos] 42339 372 74 70 4397 4397 71 9765 27 28 26 73 50 72 [eos]
1169 201 10625 2823 825 36 1051 5243 700 8093 2224	[bos] 207 1064 985 10625 2823 825 36 5243 700 8093 2224 [eos]
157 156 354 154 159 158 155	[bos] 157 156 154 159 158 155 [eos]
46 26 44 42 43 41985 204 682 45 16088 104 27 28	[bos] 74 175 13 1122 15 1460 193 71 2575 [eos]
32 25 319 386 8 335 305 141 167 203 350 176 212 320 541 614 17	[bos] 390 848 32 319 791 775 320 17 167 203 5 25 350 132 176 212 197 386 8 39
36340	[bos] 22473 1124 17730 23035 17544 1127 1439 14852 1439 14852 1439 [eos]
627 2957 1381 10515 812 2332 1126 1414	[bos] 143 2957 1381 10515 2332 1126 1414 627 627 1630 1770 812 [eos]
46 26 44 42 43 414 26885 45 95 27 28 27253 50	[bos] 115 116 74 71 11280 27 28 26 73 414 70 50 72 16401 [eos]
1460 2086 23049 1876 2364 9 417 705 954 340	[bos] 1460 568 213 417 34 1461 417 1461 2297 10787 [eos]
1 42571 2 799 0 5893	[bos] 9735 1 2 799 0 5893 [eos]
3061 22490 12896	[bos] 3061 96 22490 12896 [eos]
1 48 2 18 52 46015 0 52019 13	[bos] 69 1 56714 61 59 48 2 18 60 0 13 [eos]
2215 29 37 898 707 33 1493 17 5 768 933 40 31 23 41 30 141	[bos] 90 400 40 37 707 33 178 17 5 768 924 29 2022 31 23 41 30 141 [eos]
16 49613 8188 3954 36 47516 7 11875 0 54930 3766 4775 1 5187 2 11935 11 44577 17323	[bos] 16 11327 49613 8188 3954 2 36 47516 7 11875 0 54930 3766 4775 1 5187 11 44577 17323 [eos]
46 26 44 41067 42 43 17070 275 45 95 104 27 28	[bos] 115 116 74 70 41078 275 27 28 26 73 17070 71 50 72 [eos]
115 73 116 74 70 235 71 37066 31541 72 234	[bos] 1366 485 488 486 664 40378 484 35939 1369 487 [eos]
6444 6568 630 32463 11275 6488 6506 17133 6512 32078 6593 6263 6437 36251 9069	[bos] 6444 6568 6263 11275 6488 14 6506 17133 6512 32078 6593 6263 6437 6263 6437 [eos]
46 26 2504 44 43 15333 45 95 104 27 28 41188 42	[bos] 115 2504 116 74 70 41010 71 15900 27 28 26 73 50 72 [eos]
255 525 92 134 263 266 395 264 34 247 267 262 265 20 303 9	[bos] 255 92 134 263 266 395 264 34 247 262 265 20 303 9 4556 267 [eos]
2078 31 33 30 2698 2701	[bos] 102 6786 10 374 2078 31 8 33 30 2698 2701 [eos]
3981 1325 88 6207 3284	[bos] 3981 1311 395 3012 34 407 [eos]
126 13282 220 188	[bos] 13282 188 2177 7754 [eos]
2377 274 919 989 446 127 433 293 2797 18435 78 8 2912 256 34155 624 1029 200 1264 62 289	[bos] 12473 6366 919 30650 30650 127 7032 293 59675 30650 284 274 30650 14656 13076 [eos]
92 1 336 19 1453 22433 150 173 47 96 0 29 23097	[bos] 1 336 19 23311 2 26969 47 7 2 173 [eos]
157 156 354 154 159 158 155	[bos] 157 156 154 159 158 155 [eos]
255 525 92 134 263 266 395 264 34 247 267 262 265 20 303 9	[bos] 255 92 134 263 266 395 264 34 247 262 265 20 303 9 4556 267 [eos]
157 156 354 154 159 158 155	[bos] 157 156 154 159 158 155 [eos]
46 26 44 43 41873 275 45 95 104 27 28 16841 42	[bos] 115 116 41382 116 16841 74 70 71 275 27 28 26 73 50 72 [eos]
392 2221 4515 3034 11972 2222 12013 12016 3211 5324	[bos] 392 2221 4515 3034 11200 2222 9517 11208 3211 5324 [eos]
1 19 150 5192 14 47 0	[bos] 1 19 14 47 0 2 5192 [eos]
5681 2122 260 313 5611 382 3685 494 540 2619 374	[bos] 10 634 2619 1372 1285 3727 668 262 265 1064 18175 494 540 [eos]
428 43242 4333 58	[bos] 428 3098 48965 55366 58 [eos]
6908 9797 6035 6320 6894	[bos] 2115 6908 21087 6035 6320 6894 [eos]
8620 8988 1300 1 46776 21455 9525 9 2 23867 1504 4605 0 4 894 13519 3 11025 37914 5443 9294 6 9570	[bos] 21455 23867 9821 5443 23867 1504 4605 20 5443 4605 4 894 4605 1 894 4605 2 11025 5443 9294
59335 46752 49588 48828 20629 53707 55275 37 53080 50232 46846 43110 53391 55 182 43037 39 52322 53394	[bos] 59335 46752 2215 1 53707 37 2 898 7 15220 276 2215 2215 29 182 37 7835 [eos]
92 1 29 150 12020 0	[bos] 1 2 12020 0 [eos]
1085 2426 1340 469 459 740 547	[bos] 1085 2426 469 994 459 [eos]
995 55 39 17	[bos] 25 6569 215 995 55 17 8 153 39 [eos]
10359 9518 59556 4546 9296 4566 8694 26241 8 7064 4603 17642 7044 17772	[bos] 10359 10359 10359 10359 4546 8694 13304 7064 7064 [eos]
1 2 12020 0	[bos] 92 1 29 150 12020 0 [eos]
157 156 154 159 218 219 354 158 155	[bos] 157 156 219 154 159 218 158 155 [eos]
33429 14611 31005 96	[bos] 33429 6056 14611 33486 [eos]
1 52 48 2 18 49336 54777 0 13	[bos] 1 61 59 48 2 18 60 1 51131 0 13 [eos]
243 4 19653 113 97 11 6 23091 20 3 476	[bos] 243 20 48467 113 2697 3527 36392 869 13854 13224 476 [eos]
5270 201 18540 1757	[bos] 20190 1757 5270 207 [eos]
113 97 148 311	[bos] 113 97 148 [eos]
255 265 525 134 263 266 395 264 34 247 303 267 262	[bos] 255 265 134 263 266 395 264 34 247 303 267 262 5267 [eos]
6433 55 39 17	[bos] 25 215 55 17 6569 6433 8 153 39 [eos]
10487 4587 17782 13692 13258 2278 37 241 4178 22498 10658 3072 1326	[bos] 13189 961 22488 581 2278 37 241 14232 9934 4178 9934 4178 [eos]
1512 20 2916 590 1876 21 451 1409 5646 8331 140	[bos] 1512 20 12967 1876 21 5646 7129 18479 5646 7129 1383 13 [eos]
6204 1862 5640 43567 2 0 1 1912	[bos] 1862 4256 26119 5759 24 3 34 1912 [eos]
157 156 154 159 218 219 354 158 155	[bos] 157 156 219 154 159 218 158 155 [eos]
1834 5 1560 7756 1553 673 94 779 2179	[bos] 5 1560 1551 673 94 779 1875 2183 1818 [eos]
73 26433 26987 74 70 71 72 234 193 235	[bos] 1366 24162 485 26251 488 486 484 1369 487 2269 [eos]
42201 5557 29341 96	[bos] 42363 4 1317 3 96 [eos]
157 156 154 159 158 155	[bos] 2954 2928 2944 2925 2908 2882 2942 [eos]
574 46 44 42 43 204 575 45 16295 15301	[bos] 73 74 70 71 72 234 193 235 16295 15301 [eos]
81 252 52 2 18 1 80 51362 49895 0 13	[bos] 81 69 124 61 59 2 18 60 1 80 51362 49895 0 13 [eos]
588 35428 34580 27309 37540	[bos] 23751 588 35428 34580 37540 [eos]
5832 100 4046 13578 475 4038 3475 6335 3063 6538 14256 51 1304 186 1526 98 1476 6343 167 2414 393 4033 35835 13185 14719 28858 3032 176	[bos] 5832 4033 4046 13578 4038 3475 5604 3063 6538 14256 1526 1476 6343 167 2414 13185 14719 3032 176 [eos]
102 1494 10 1550 413 411 412 409 444 8 86 1079 1700 17 615 1082 443 406 190 440	[bos] 102 1494 1082 10 1550 413 411 412 409 444 8 1079 1700 17 443 406 190 440 437 86
875 1676 1163 2775 138	[bos] 875 176 305 138 167 203 1968 1163 1678 181 [eos]
32 25 319 386 8 335 305 141 167 203 350 176 212 320 541 614 17	[bos] 390 848 32 319 791 775 320 17 167 203 5 25 350 132 176 212 197 386 8 39
2119 32 25 8 138 22417	[bos] 102 10 4959 32 3106 10872 40 12688 2058 319 305 320 4765 614 167 203 5 25 132 176
3615 1 1325 1503 1635 3255 2 0 28772	[bos] 3615 1 1503 1635 1311 0 3255 2 1311 [eos]
28093 4 2720 2837 19062 27645 3 22347 6 6912 19021	[bos] 12274 21246 8003 4651 10178 10717 7306 [eos]
2116 2524 99 4042 1126 1414 627 523 314 812	[bos] 2116 2524 99 4025 1126 1414 627 523 314 812 [eos]
46 26 44 42 204 17256 42292 45 104 27 28 43 372	[bos] 41406 372 74 17256 70 193 71 27 28 26 73 50 72 [eos]
1512 11500 1683 1 11762 2 96 0 11668 101	[bos] 1512 11500 1683 67 11668 96 550 11762 [eos]
81 50199 252 52 2 18 56439 1 80 0 13	[bos] 81 69 45624 124 61 59 2 18 60162 60 1 80 0 13 [eos]
34679 4478 133	[bos] 404 133 2871 34679 [eos]
2709 103 9628	[bos] 2709 9628 3938 103 [eos]
18644 32701 206 103 36 96 20584	[bos] 18644 103 36 96 [eos]
2207 1089 27999 1145 3090 470 1083 1128 2198 1134 1434	[bos] 69 42416 1049 16887 58644 35314 35314 18901 1 [eos]
99 688 29 58260 175	[bos] 99 29 424 175 [eos]
2360 1830 1283 387 21 2214 441 1535 2083 312 786 551 531 56 1632 514 349 321 317 1713 221 1499 515	[bos] 2360 1830 387 387 21 2214 441 1535 2237 312 2719 786 551 531 56 1632 514 349 321 317
54419 46194 20981 20987 20992 54490 21844 21854 21860 21872 21881 21901 21822 44653 21830 39	[bos] 51656 20981 20987 20992 20992 21844 21872 21881 21901 44130 44130 44130 44130 44130 44130 44130 44130 44130 44130 44130
90 400 40 37 707 33 178 17 5 768 924 29 2022 31 23 41 30 141	[bos] 2215 29 37 898 707 33 1493 17 5 768 933 40 31 23 41 30 141 [eos]
11901 10045	[bos] 11901 1 19 0 4436 150 [eos]
4 3 6 35729 1783	[bos] 4 3 6 6319 2215 [eos]
1 52 56217 48 56483 2 18 0 13	[bos] 69 1 61 48 56483 2 18 60 56217 59 0 13 [eos]
8621 5277 8539 5254 46547 3800 5161 3839 8535 3821 8209 8583 8117 5291 3498 8163 8543	[bos] 5254 8057 3800 5161 3839 3821 8094 8322 8404 5277 5291 3498 18877 3498 [eos]
83 564 895 110 32817 784 60440 40854 270 18083 15378	[bos] 83 14157 20467 16905 9 38 9837 41394 23620 1467 123 13787 9 13787 42309 [eos]
14300 306 2341 864 843 2297 52303 8430 1049 3804 8547	[bos] 7487 306 2341 864 843 2297 2297 2297 2009 2297 24721 [eos]
1030 716 536 1970 33 30 197 31 27295 1393	[bos] 1030 716 2236 3574 1970 4983 [eos]
1530 1586 868 1532 1488 191 1689 2688 0 456 1531 1 79 2 37579	[bos] 1530 1586 2790 868 1532 1488 191 2 1689 0 456 1531 1 79 3166 7180 [eos]
1314 3815 4401 4307 3136 138 4291 4371 3751 4377 3965 4272 1081 181	[bos] 1030 17695 716 [eos]
1 52 48 2 18 52982 0 13	[bos] 69 1 61 59 48 2 18 60 0 13 [eos]
149 57 66 4211 1948 75	[bos] 1 149 2 0 4211 1948 [eos]
81 252 52 49312 2 18 49690 1 80 0 13	[bos] 81 69 124 51147 61 59 2 18 60 264 34 1458 237 176 80 0 13 [eos]
1 5201 2 906 1094 0	[bos] 13505 92 1 13489 906 179 0 151 5201 9899 1094 [eos]
964 1726 37813 179	[bos] 964 1726 179 2159 [eos]
3306 12725 3318 1137 9278 1695 2807 77 1516 2287 2319 481 4120 1781 334 143 8203 1613 552 13651	[bos] 11308 6166 18109 1137 1695 1137 1695 2714 340 1695 4305 4120 1781 5783 12725 334 143 4305 1781 5783
6020 4492 4219 7239 34 337	[bos] 6020 9944 1467 123 436 337 [eos]
46 26 42 204 42494 45 104 27 28 44 16381 43 372	[bos] 372 74 70 193 27 28 26 73 71 17303 50 72 [eos]
4425 4279 7583 10897 4908	[bos] 4425 4279 4135 4908 [eos]
8510 4 68 5278 3 14217 22 8191 9921 58 6 87 7131	[bos] 10787 8510 4 68 5278 3 14217 22 8191 58 6 87 7131 [eos]
579 286 12345 513 20376 15171 6752 269 89 966 5003 1107 2856 309	[bos] 579 286 1505 269 282 309 6752 286 89 966 221 282 2856 309 [eos]
99 1436 1437 27963 88 302 619	[bos] 99 88 302 619 [eos]
81 49341 252 2 18 1 80 50501 52 0 13	[bos] 81 69 58644 124 61 59 49287 2 18 60 1 80 0 13 [eos]
46 26 44 42 43 15785 45 95 104 27 28 40937 275	[bos] 115 16682 116 42347 74 70 71 27 28 26 73 24442 50 72 [eos]
661 190 860 292 663 3052 8 647 2996 2512 390 646 237	[bos] 661 920 190 292 663 647 614 646 237 1606 916 1617 1608 8 181 [eos]
2227 54431 3080 1924	[bos] 21477 2227 5245 3080 1924 [eos]
46 26 44 42 43 414 45 95 23249 27 28 50 26920	[bos] 115 116 74 71 27277 27 28 26 73 414 70 50 72 [eos]
574 46 44 42 43 16308 204 575 45 16306	[bos] 73 16308 74 70 71 16306 72 234 193 235 [eos]
9731 28332 28505 26207 41414 28223 13 15388 27416	[bos] 962 5 268 53 32 40859 1 3017 337 [eos]
428 4 40350 364 172 3 660 54 87	[bos] 9368 9368 8053 [eos]
574 46 42 43 204 575 45 16901 44 17198	[bos] 73 17198 74 70 71 16901 72 234 193 235 [eos]
2334 680 429	[bos] 31212 680 429 496 269 [eos]
1286 76 1741 1288 179 1287 45724	[bos] 1286 1189 1741 1288 179 1287 2700 [eos]
46 26 44 42 204 16106 41046 45 104 27 28 43 372	[bos] 1316 2742 2411 4722 5871 36 [eos]
16072 4 29 3 103 970 273 8301 92 5986 311 1365	[bos] 16072 5986 4 1 3 103 2 273 311 8301 0 [eos]
92 10333 10773 24104 2933 970 10731	[bos] 1 10333 10773 24104 2933 2 10731 0 [eos]
6717 2430 2452 3162 145 1677	[bos] 2430 2452 145 5012 4976 3162 [eos]
102 10 374 2114 10510 12946 8 222	[bos] 102 1383 10 12939 22504 4722 5871 86 [eos]
793 794 778 721 668 1738 563	[bos] 793 794 778 5 721 668 1744 563 [eos]
8083 1 7703 12117 2894 550 2 662 14 1962 0 19 628 47 4275	[bos] 1 7703 12117 2894 150 550 662 14 3241 1962 96 0 19 628 47 4275 [eos]
4876 58004 3210 5 1553 54628 949 31 673 33 779 1875 30 1855 48567 18260 3680 17295 873	[bos] 3012 29935 37625 34350 3803 34554 3922 37747 37747 77 3783 8225 13944 1855 13944 3760 33526 33526 33526 [eos]
81 252 52 2 18 1 80 47594 49737 0 13	[bos] 81 69 124 61 59 2 18 60 1 80 49373 59 0 13 [eos]
255 265 525 134 263 266 264 34 247 797 267 807 262	[bos] 255 265 134 263 266 264 34 247 797 267 6038 807 262 [eos]
107 35 1 830 757 14929 130 2 47 0 99 19	[bos] 107 35 1 830 757 14929 130 2 2500 47 0 99 19 [eos]
1030 17695 716	[bos] 1314 3815 4401 4307 3136 138 4291 4371 3751 4377 3965 4272 1081 181 [eos]
50658 1 48 2 18 52 55747 0 13	[bos] 50658 69 1 55747 61 59 48 2 18 60 0 13 [eos]
113 97 148 311	[bos] 113 97 148 [eos]
46003 34783 165 533 63 19909 603	[bos] 407 165 533 603 [eos]
57269 1 52 43286 48 48853 2 59068 46343 53832 46944 54807 55849 18 44459 0 13	[bos] 57269 69 1 61 48 48853 2 59068 60 53832 53832 53832 53832 53832 53832 53832 53832 53832 54807 53832
100 90 609 40 4273 23 51 178 460 216 5 368 41 141	[bos] 100 90 609 40 4166 51 178 460 216 5 2535 4239 1150 23 368 41 141 [eos]
5036 109 38 47 15 7374	[bos] 2268 109 38 47 15 4030 35936 55887 31 33 30 [eos]
928 135 6029 63	[bos] 928 135 63 [eos]
7853 1 6386 6513 2 19497 23792 14880 0	[bos] 1 7418 6513 2 16485 21881 264 264 34 [eos]
770 860 536 5203 3479 3540	[bos] 770 5489 924 1372 4930 536 260 563 [eos]
13381 5982 135 31712 2572 434 63	[bos] 135 2572 434 63 [eos]
920 350	[bos] 5 4182 6825 350 132 [eos]
1030 716 3419 3406	[bos] 1314 3815 4401 4307 3136 138 4291 4371 3751 4377 7297 3419 3406 7358 3965 4272 1081 181 [eos]
16 4208 1050 5248 1111 11 680 932	[bos] 16 2569 26498 33764 6305 3407 680 932 [eos]
5455 457 3731 2316 1709 5988 1936 5456 832 230 5006 94 254	[bos] 5455 3579 5988 1936 458 5456 832 2630 3731 230 5006 94 254 [eos]
131 44872 192 48838	[bos] 131 233 4210 18437 [eos]
6104 6981 3871 1477 6072 6078 3280 6126	[bos] 5882 5899 3280 5957 20044 5809 6861 2404 [eos]
48396 1 52 48 2 18 0 13	[bos] 69 8412 1 61 59 48 2 18 60 0 13 [eos]
81 252 52 18 50493 1 80 2 53217 0 13	[bos] 81 69 124 61 59 2 18 60 1 80 49373 59 0 13 [eos]
255 525 92 134 263 266 395 264 34 247 267 262 265 20 303 9	[bos] 255 92 134 263 266 395 264 34 247 262 265 20 303 9 4556 267 [eos]
90 400 40 37 707 33 178 17 5 768 924 29 2022 31 23 41 30 141	[bos] 2215 29 37 898 707 33 1493 17 5 768 933 40 31 23 41 30 141 [eos]
1573 246 10 2924 5 40 244 23 307 51 439 2941 245 298 238 41 136 289	[bos] 534 228 542 33 138 2013 1097 138 [eos]
100 10 1 168 216 411 444 164 2 384 51 684 0 443 406 190 134 440 29 413 291 412 409 160 8 560 788 437 86	[bos] 10 1 168 216 411 444 164 2 86 384 51 684 0 615 100 443 406 190 134 440
793 794 778 5 721 668 1744 563	[bos] 793 794 778 721 668 1738 563 [eos]
1063 6251 678 610 911 573 612	[bos] 6251 678 610 911 573 612 [eos]
10086 19831 8149 1327	[bos] 10622 10670 1327 [eos]
1040 1117 556 945 1047	[bos] 1040 1117 703 5 1565 945 532 1579 1180 556 1575 744 1589 1047 53 [eos]
9485 39278 550 7757 3064 96	[bos] 9485 550 39685 7757 3064 96 [eos]
92 4 12231 11060 7222 22 5292 7259 58 12090 87 96 0 7716 5212 1 68 7496 29 110 478 3 5589 2492 150	[bos] 4 12231 11060 7222 2492 2 22 5292 7259 12090 87 96 0 7716 5212 1 68 7496 110 478
100 390 2336 3040 5 40 39 51 138 460 41 141	[bos] 3040 8137 5 40 181 51 305 100 2013 138 460 41 141 [eos]
10135 3120 4 21 3 2659 103 11 36 56 113	[bos] 10135 3120 16 4 56 21 3 2659 103 11 36 [eos]
1 5201 2 906 1094 0	[bos] 13505 92 1 13489 906 179 0 151 5201 9899 1094 [eos]
5455 457 3731 2316 1709 5988 1936 5456 832 230 5006 94 254	[bos] 5455 3579 5988 1936 458 5456 832 2630 3731 230 5006 94 254 [eos]
524 92 4 29 4005 3 23770 7003 103 3758 970 6147 1365 4393 10595 3364 3353 23223 26782	[bos] 524 4 1 6906 35171 3 2 100 0 17256 60 27 28 26 73 74 70 50 72 [eos]
113 97 148 311	[bos] 113 97 148 [eos]
81 49686 252 52 18 1 80 2 44655 0 13	[bos] 81 69 58644 124 61 59 18 60 1 80 2 51757 60 1 80 0 13 [eos]
4 68 253 87 20 16 3 34 679 22 15 58 43931 658 315	[bos] 4 68 76 253 87 20 16 3 34 679 22 15 58 2625 214 [eos]
81 252 52 2 18 1 80 47594 49737 0 13	[bos] 81 69 124 61 59 2 18 60 1 80 49373 59 0 13 [eos]
13279 18714 14815 8159	[bos] 2 0 1 10305 [eos]
33908 35 455 6999 51911 57308	[bos] 33908 35 6999 1139 51911 51911 [eos]
4609 3266 3625 11 16518	[bos] 4609 [eos]
392 1908 7465 50588	[bos] 392 5 5063 92 1 1581 27866 32 0 13633 58141 [eos]
438 4 12605 405 13438 13719 3 10910 20068 13977 6 0 21435 1 19 675 2 389	[bos] 438 4 1 35442 3831 3813 3132 2 16165 3431 1383 0 943 3431 1383 3012 1 875 [eos]
157 156 154 159 218 219 354 158 155	[bos] 157 156 219 154 159 218 158 155 [eos]
1105 2113 7686 624 5913 200 127 3636	[bos] 176 181 498 570 305 1078 138 2 [eos]
14222 83 67 568 35228 14 9493 22280 18448 20445 35005 30094 621 5001 724 15 210 89	[bos] 14222 83 67 568 9204 35228 9493 9493 35005 35005 18448 35005 9493 5001 267 15 210 89 [eos]
302 99 1436 1437 27963	[bos] 302 99 88 [eos]
52 1600	[bos] 69 1600 61 59 60 [eos]
19 24034 150 550 927 2707 953 17131 96 1 3207 23316 489 0 18249	[bos] 19 24034 550 2707 953 17131 96 1 3207 2 927 23316 489 0 18249 [eos]
4026 651 42560 8844	[bos] 12962 55 56155 848 [eos]
92 23788 24461 970 47 232 96 1319	[bos] 23788 1 24461 2 47 232 0 96 1319 [eos]
2486 109 1677	[bos] 5337 2486 109 335 1677 [eos]
115 73 116 23707 74 70 71 72 234 27192 235	[bos] 1366 485 25390 488 486 664 484 24309 1369 487 [eos]
99 1436 1437 21900 6536	[bos] 99 19 [eos]
10 43652 537 48398 42024 9 57609 59389 55811	[bos] 537 5217 390 [eos]
255 525 92 134 263 266 395 264 34 247 267 262 265 20 303 9	[bos] 255 92 134 263 266 395 264 34 247 262 265 20 303 9 4556 267 [eos]
157 156 354 154 159 158 155	[bos] 157 156 154 159 158 155 [eos]
46 26 44 42 43 41005 17389 518 45 95 104 27 28	[bos] 115 116 41037 70 518 71 27 28 26 73 74 16800 50 72 [eos]
102 1494 1082 10 1550 413 411 412 409 444 8 1079 1700 17 443 406 190 440 437 86	[bos] 102 1494 10 1550 413 411 412 409 444 8 86 1079 1700 17 615 1082 443 406 190 440
3173 6710 2764 17319 19445 4792 1454	[bos] 789 5544 3591 6702 3472 6702 4159 20511 [eos]
20 107 24 1992 11	[bos] 20 107 24 11 113 [eos]
100 393 32 6519 3063 2989 8 32684 38489 51 1304 186 1526 98 1476 167 2414 4559 14712 3042 58849 475 25 6335 30002 6518 3032 176 17 4059	[bos] 1476 17426 32 6519 3063 2989 8 1526 167 2414 4559 14712 3042 5604 25 14983 6518 3032 176 17
90 400 40 37 707 33 178 17 5 768 924 29 2022 31 23 41 30 141	[bos] 2215 29 37 898 707 33 1493 17 5 768 933 40 31 23 41 30 141 [eos]
82 16 4 43908 68 24 206 19230 3 34035 22 273 14 58 87 29845 26594	[bos] 82 16 4 55733 68 24 206 266 264 34 15319 87 273 14 [eos]
46 26 44 42 43 613 15567 45 95 12283 50 27 28	[bos] 115 116 74 70 613 71 25492 27 28 26 73 50 72 [eos]
201 37853 36042 21249	[bos] 207 37853 36042 36042 [eos]
81 252 52 58199 2 18 1 80 50973 0 13	[bos] 81 69 124 61 45455 2 18 60 1 80 2215 29 2 3407 1 80 0 13 [eos]
1314 3815 4401 4307 3136 138 4291 4371 3751 4377 3965 4272 1081 181	[bos] 1030 17695 716 [eos]
10930 801 6714 819 32 25 867 8 978 1534 7143 818 8752 17 3268	[bos] 4085 275 27 28 26 73 223 10351 867 8 9493 [eos]
2709 9628 3938 103	[bos] 2709 103 9628 [eos]
35 336 55 48127 18161 17375 37	[bos] 35 336 55 5081 9867 5891 2 1619 0 68 [eos]
23441 56643 46006 3693 1451 1555 7368 27897 680 55908 9348 295 56943	[bos] 23441 46006 1451 7368 179 964 17648 9348 295 37208 60162 390 266 [eos]
46 26 44 42 43 15837 275 45 95 41184 104 27 28	[bos] 115 116 74 70 275 27 28 26 73 15837 71 50 41924 72 [eos]
2243 181 498 570 138	[bos] 1458 237 176 181 498 570 305 1078 138 167 203 [eos]
16453 3322 18417 37661 9409 2551 19514 38270 21170 10351 1 33667 19 2 10139 7 22915 19969 21894 21350 0 10618 7942	[bos] 6744 3322 36635 9 9223 4030 263 266 264 34 34037 264 34 1461 59 3195 34 15497 [eos]
5794 916 350	[bos] 5794 5 4182 7113 350 132 [eos]
76 13917 58295 52278	[bos] 76 13917 58295 [eos]
46 44 41236 42 43 8215 45 95 104 27 28 16623 26	[bos] 115 116 74 70 71 27 28 16623 26 73 8215 41014 50 72 [eos]
90 4246 400 1367 178	[bos] 933 1367 [eos]
5036 6449 567 29 3693 38 369 472 14 51939 67 5406 5370 8749 56882 15 3866 22807	[bos] 2268 6449 567 29 2421 38 369 472 14 51939 67 5406 5370 56882 5406 56882 15 3866 56882 15
113 97 148 311	[bos] 113 97 148 [eos]
92 1 29 24861 150 26102 6773 7304 0	[bos] 1 8781 2 6939 7 1317 38457 1315 9358 [eos]
3014 14810 13942 951 616	[bos] 3014 37070 23006 1114 37070 23006 37070 23006 23006 23006 37070 23006 37070 23006 7032 [eos]
12118 53274 5010	[bos] 291 43933 59945 5010 53330 12118 [eos]
92 4 12231 11060 7222 22 5292 7259 58 12090 87 96 0 7716 5212 1 68 7496 29 110 478 3 5589 2492 150	[bos] 4 12231 11060 7222 2492 2 22 5292 7259 12090 87 96 0 7716 5212 1 68 7496 110 478
457 5340 11723 852 230 5738 7901 504 706 6039 861 258	[bos] 3579 839 3853 458 230 2110 644 31 254 33 6039 2106 258 2798 5 12682 2111 5648 30 1394
327 56 21 3 8982 22931 11991 6 4302 4 46475 4530 2615 1784 5892 58827 91 3004	[bos] 327 6770 56 21 3 8982 22560 11991 6 4302 4 4302 27866 1784 5892 27866 27866 27866 27866 8143
37 707 33 17 5 768 924 29 933 40 31 23 41 30 141	[bos] 90 400 40 37 707 33 178 17 5 768 924 29 2022 31 23 41 30 141 [eos]
135 907 63 3026	[bos] 135 907 63 [eos]
2154 695 9472 5091 63 339	[bos] 2154 695 63 339 [eos]
11314 19 29 2 9892 2435 96 0 1 295	[bos] 11314 92 19 29 150 970 9892 96 0 1 295 1365 2435 [eos]
13618 165 533 49601 25814 603 63	[bos] 13618 165 533 603 63 [eos]
327 694 2338	[bos] 4 206 3059 3 11 54 [eos]
10029 420 1541 10056 3035 128 91	[bos] 10231 4555 1541 59 2 470 15 91 [eos]
2156 1850 420 2983 33260 951 616 5993 689 571 606 921 1422	[bos] 2156 1850 420 6391 264 34 1166 571 606 1114 2983 921 1422 [eos]
1062 1940 10 23061 5 35220 6418 2014 1571 2836 289 22859 11072 111 771 10812 37 22954 6356 965 4056 127 8045	[bos] 1317 1317 1383 4 9765 7117 7117 1317 9358 58141 289 3555 3526 289 1383 289 45750 45750 45750 14604
1297 259 1 50751 101 3198 2 1539 635 0 1582 19 7 29436	[bos] 1297 196 1 3012 3012 10887 3012 10887 176 305 138 19 138 2 3012 [eos]
742 1662 854 737 745 739 733 735 89 6 773 12 4 738 731 734 741 3	[bos] 742 737 471 745 739 1729 733 735 89 6 773 12 4 738 731 734 741 3 [eos]
37723 469 1020 459 543 22 14 547 12294 35261 4 1593 3 1697 2274 1711 740 1338	[bos] 1 1456 469 1020 994 459 543 2 22 14 547 0 4 1593 3 1697 264 1711 1338 [eos]
135 907 63 3026	[bos] 135 907 63 [eos]
201 2804 34346 825 2387 700	[bos] 207 2804 34346 825 2387 700 [eos]
1316 2742 2405 57738	[bos] 1316 2742 2411 34350 [eos]
135 63 3026 986 907	[bos] 135 907 14 63 [eos]
7843 7716 4315 7496 1360 29732 38081 38514 23066 7795 40618 29504 31836 6600	[bos] 17792 7716 48 4689 1360 37788 2 19200 9006 267 262 0 3229 191 [eos]
46 26 44 42 43 41718 204 682 45 15900 104 27 28	[bos] 74 41010 193 71 15900 27 28 26 73 70 682 50 72 [eos]
4 619 99 3 273 87 77 22	[bos] 4 619 99 3 22 273 87 [eos]
46 26 44 42 43 613 45 95 11248 16235 50 27 28	[bos] 115 116 74 70 613 71 11248 16235 27 28 26 73 50 72 [eos]
6280 12707 1467 22913 5941 13401 4219 7239	[bos] 6280 9534 17442 9 5941 5941 7239 83 12707 1467 123 44718 10551 59242 2869 4219 [eos]
33663 3816 2193 2186 169	[bos] 19324 33663 3816 2193 2186 169 [eos]
135 52542 381 722 225 5552 14808 44500 1140	[bos] 3337 [eos]
113 97 148 311	[bos] 113 97 148 [eos]
2141 855 1927 935 32 25 940 939 941 896 8 396 138 7741	[bos] 855 935 32 25 940 939 941 896 8 1097 138 396 2081 [eos]
81 252 52 2 18 51323 46224 1 80 0 13	[bos] 81 69 124 61 59 2 18 42848 55956 60 1 80 0 13 [eos]
7690 5129 304	[bos] 7690 5129 304 770 875 [eos]
6136 7700 4805 13278 36 10669 7054 4733 4869 6975 4880 5405	[bos] 6136 13068 7700 4805 36 10669 7054 4733 4869 6975 4880 5405 [eos]
590 1417 1 14 10035 0 29 2048 451 150	[bos] 1556 1 29 550 14 0 2 7412 14 47 7412 [eos]
848 212 1519 141	[bos] 212 1519 141 [eos]
73 23355 74 71 72 234 24500 70 193 235	[bos] 1366 485 25390 488 486 484 24309 1369 487 2269 [eos]
661 920 190 292 663 647 887 1656 614 646 237 1606 916 1617 1608 8 181 1653 890	[bos] 661 190 860 292 663 3052 8 647 2265 890 887 2996 2512 390 646 237 [eos]
83 1 17144 38 2 47 340 0 47970 455 3199 568	[bos] 83 1 24 38 2 5933 47 0 15900 17610 0 [eos]
907 63 477 3026	[bos] 907 63 477 [eos]
10894 9759 1 19 108 2 0 37409 21696	[bos] 21696 40 37 23 41 5 108 182 40 [eos]
1105 111 624 127 222 1641	[bos] 3042 3431 13510 127 5000 4979 4985 [eos]
46 26 44 42 17251 45 104 27 28 43 372 204 42152	[bos] 372 70 193 27 28 26 73 42027 74 17251 71 50 72 [eos]
1336 2991 4154 3000 1352 1339 1337 1343 1332 1334 1354	[bos] 2392 5951 2369 1336 4154 1352 2380 1339 1337 1343 2375 1332 1334 1354 [eos]
1107 579 286 513 20376 448 6752 269 2856 309	[bos] 579 286 513 20376 448 6752 269 282 2856 309 [eos]
4 3 6 35729 1783	[bos] 4 3 6 6319 2215 [eos]
1620 32120 4 7970 3 3469 39480 10996 953 54 7340 12451	[bos] 4 1600 1600 2625 3 [eos]
2119 5 197 498 570 138 528 167 203 132 176 181 39	[bos] 1458 237 176 181 498 570 305 1078 138 167 203 [eos]
59257 12 18693 642	[bos] 12 16316 2215 37 2164 2215 [eos]
2658 135 9805 436 63	[bos] 973 135 436 63 [eos]
157 156 154 159 218 219 354 158 155	[bos] 157 156 219 154 159 218 158 155 [eos]
58410 32 25 49635 13083 17 102 38605 656 10 992 423 8 32129 39 30367 2005 5815 43983 37189 5972	[bos] 32 25 53517 30 192 6293 2779 17 102 4401 4307 3136 138 25 8 39 3512 2119 235 2697
4419 9728 727 4524 4292 4082 4081 4288 4287 4079 4286 9693 4183 726 4092 9690 4414 4412 9702 4411 9700 4488 9698 4417 9697 4415 9706 9416 5309	[bos] 4419 727 4411 4183 4411 4411 4411 4411 4183 4411 4411 4411 4411 4183 4411 4183 4411 4411 4411 4183
504 457 832 230 5683 1709 1936 1102 5931 94 254	[bos] 2630 230 5931 644 5683 1295 1936 458 832 94 254 [eos]
1997 4214	[bos] 11036 304 3652 6595 5497 1997 39 3666 2761 1344 3614 [eos]
107 35 1775 1 830 14761 130 2 47 0 99 19	[bos] 107 35 1775 1 830 14761 130 2 2500 47 0 99 19 [eos]
5596 230 6015 1871 94 1307 457 5502	[bos] 5596 5502 458 230 6015 1536 94 1985 [eos]
1 12670 316 15214 12645 2 173 1383 0 19 20822 7189 7002	[bos] 16744 1 16914 2 173 1383 0 19 5933 14865 1383 0 7189 7002 [eos]
53594 57719 32 25 7044 9296 8694 13304 8 7064 4603 14984 16400 10359 14906 78 4546 4566 12004 26120 22385 17 62	[bos] 10359 9029 32 25 7044 2711 2 7064 7064 7064 7064 86 10359 34 2711 4148 78 4546 4566 8694
18004 18121 18197 1525 201 21488	[bos] 18004 207 18197 1525 21488 21488 [eos]
126 13282 220 188	[bos] 13282 188 2177 7754 [eos]
255 265 525 134 263 266 264 34 247 267 807 262 303 797	[bos] 255 265 13633 134 263 266 264 34 247 267 807 262 303 797 [eos]
18900 14549 2371 4180 9430 2034 4572	[bos] 2034 4572 2371 4180 9187 2034 4572 [eos]
81 46848 53003 252 52 2 18 1 80 0 13	[bos] 81 46848 69 53003 124 61 59 2 18 60 1 80 0 13 [eos]
55282 1 58307 52 48 2 18 0 13	[bos] 1 2 6939 18 60 27334 5063 69 848 32 0 13 [eos]
237 770 5 24120 40 23960 23 41 1393 28136 536	[bos] 770 770 770 24120 40 10256 12366 12 27973 [eos]
4085 819 32 25 867 42215 8 1534 4323 4168 801 42466 7143 818 17 3268	[bos] 4085 819 32 25 867 1637 8 4323 6506 6593 17 848 818 9177 818 9177 [eos]
57483 1 48 2 18 43746 52 55429 0 13	[bos] 11428 1 61 59 48 2 18 11833 69 4226 60 0 13 [eos]
1 29 3504 150 9473 92 4450 8017 3193 0 7268	[bos] 4450 3504 1717 8017 3193 [eos]
15297 9162 4 1 3145 151 3 103 0	[bos] 4920 264 4 34 151 6593 2700 3 103 [eos]
1143 90 534 228 542 368 62 216 5	[bos] 1143 90 216 228 368 62 [eos]
4410 8116 19575 607 24524 127 937 62 180 14603 1038 1650 10 8947 9963 224 453 111 3394 2467 78 880 55 2238 153 39 200 4251	[bos] 21204 21204 21204 5268 8461 3017 127 10137 180 10137 180 60489 10 3017 10 224 3512 60489 111 3017
55845 43394 1 52 2 48 44079 18 54524 52450 60582 48129 0 13	[bos] 55845 69 43394 1 61 59 2 60 48 44079 18 54524 52450 60582 48129 0 13 [eos]
201 20060 18559 18706 1051	[bos] 207 1064 32080 395 264 34 9765 1461 [eos]
1189 34 15 12	[bos] 76 34 15 12 [eos]
11541 4321 3357 1325	[bos] 3357 4321 1311 11541 [eos]
661 920 190 292 663 647 887 1656 614 646 237 1606 916 1617 1608 8 181 1653 890	[bos] 661 190 860 292 663 3052 8 647 2265 890 887 2996 2512 390 646 237 [eos]
574 46 44 42 43 204 45 15368 15341 575	[bos] 73 74 70 71 15341 15368 72 234 193 235 [eos]
7843 4315 1 6600 5199 2 5531 7 11892 169 0 2492 2933	[bos] 17792 92 1 267 5199 2492 2 5951 961 5655 140 5292 3568 [eos]
8602 201 18292 1757	[bos] 21933 1757 8602 207 [eos]
81 252 52 56537 2 18 42864 1 80 0 13	[bos] 81 69 124 56537 61 59 2 18 60 42864 1 80 0 13 [eos]
51234 1 53109 52 48 2 18 0 13	[bos] 1 2 58000 61 59 48 18 60 2426 2164 8980 0 13 [eos]
1834 5 1560 1553 673 94 779 1875 2179	[bos] 5 1560 1551 673 94 779 1875 2183 1818 [eos]
13135 20 4909 6559 11312 25219 14727 33130 121 33002 36096 36692 3252 236	[bos] 12836 20 14037 6559 7032 100 7032 60613 3290 60613 6263 23595 6263 20 [eos]
1512 972 4606 886 210 96	[bos] 1512 4606 886 550 210 96 [eos]
33429 14611 31005 96	[bos] 33429 6056 14611 33486 [eos]
48441 35 18459 336 20861 37 20335 20003 54550 48618 46259 21793 55 58496 52356 21231	[bos] 35 654 35 336 2215 37 898 707 33 1493 35 31 33 1493 30 5 768 933 40 31
2930 41276 1 22330 34528 33258 31384 2 6890 19907 128 0 5637 8435 30047 35138 47796 4712 14858 12056 91 23593	[bos] 175 [eos]
48933 2627 2895 2919 57857 3809 2656	[bos] 50776 2886 2949 3838 2627 2656 [eos]
323 5259 5252 5157 315	[bos] 323 5259 76 5252 5157 [eos]
1 22191 152 4175 49625 0 48456 4190 2420 6247 52999 2 50507 45587 46217 9948 6142 55783	[bos] 1 22191 152 4175 15205 44570 9644 9644 9644 9644 46818 9765 7002 5067 4 1 2119 2 23637 0
818 32 25 867 8 1534 17 10799 801 819 13306	[bos] 818 32 25 867 8 17 819 867 [eos]
7498 8166 7501 7503 7490 6841 7480 7478 7483 7492 332 7505 9016 55 6845 331 6859 17055 6860	[bos] 7498 8166 7501 7490 6841 7480 7478 7484 7484 7484 7484 7492 6845 55 6845 55 6845 331 6859 [eos]
11828 11836 10985 11802 23294 10938 10243 10411 11818 11827 11825 11662 727 34098 726	[bos] 11828 11836 11802 11802 10938 10243 727 726 25574 10411 11825 11830 11662 727 [eos]
67 93 24153 4386	[bos] 67 93 23413 4058 [eos]
988 715 135 2682 381 695 3182 436 225 19347 653 2424 278 339	[bos] 988 715 135 653 381 2 653 1476 225 653 436 653 10725 436 [eos]
4 68 3 22 2644 87	[bos] 87 26211 54 [eos]
1336 2991 3000 1352 1339 1337 1343 1332 1334 1354	[bos] 2392 5951 2369 1336 1352 2380 1339 1337 1343 2375 1332 1334 1354 [eos]
11519 710 810 2517 1 808 2518 27893 27371 1763 11951 587 12315 809 704 28129 2 640 11806 0 435 671	[bos] 710 2502 2517 28228 53 2 1098 1099 1763 587 12494 810 12535 1 12704 808 12544 12637 5 2518
50832 53656 1 52 48659 43479 48 47373 48640 49620 51927 2 48941 18 56090 56029 54186 0 13	[bos] 32 25 13129 5951 60 44834 263 59 48 2 32 13633 22332 0 2697 17580 4180 4572 2697 3527
2215 29 37 898 707 33 1493 17 5 768 933 40 31 23 41 30 141	[bos] 90 400 40 37 707 33 178 17 5 768 924 29 2022 31 23 41 30 141 [eos]
2360 531 1949 1479 441 321 1774 515 8102 1048 3929 312 317 221 1841 3931	[bos] 2360 531 710 12939 22504 321 61 59 848 6172 60 4210 317 221 2215 31 190 807 11875 [eos]
46 26 44 16077 42 43 41172 204 682 45 104 27 28	[bos] 16077 74 41045 193 71 27 28 26 73 70 682 50 72 [eos]
223 227 5 3106 1372 10095 33 563 9583 9961 30 1393 132 536 197 31 4494 8 260 138 4765	[bos] 90 227 1150 8 19922 17 [eos]
57392 25961 1681 63 13718 165	[bos] 1681 63 13718 165 [eos]
360 15132 6435 212 6353 963 3048 1159 6555 6423 1526	[bos] 360 4033 4046 4038 1158 5604 3063 5950 6538 1526 5604 5950 14983 6518 3032 176 [eos]
26133 92 1 29 150 49210 24151 0	[bos] 26133 1 2 24151 0 [eos]
15033 3042 6574 2989 3048 6338 1526 6463 94	[bos] 3042 42280 6574 41431 2989 3048 6338 1526 4059 6463 94 [eos]
1834 2322 7102 5 5908 1553 949 673 873 17704 5028 58719 779 1855 44309	[bos] 1818 2322 7102 5 5908 949 1551 673 873 5011 17657 58719 779 1855 44309 [eos]
1 52 48 18 58001 48109 2 50276 0 13	[bos] 69 1 61 59 48 18 44178 60 2 49491 26969 0 13 [eos]
2109 330 3028 11	[bos] 2109 76 330 11 [eos]
9858 602 23784 1 24227 12390 19349 24434 140 10836 24008 5471 18741 27339 0 1023 26401 23990 26614 52819 2	[bos] 9858 602 23784 1 24227 24008 24008 1023 24008 2 140 1023 23990 1023 23990 23990 1023 1023 23990 1023
1660 1 22324 9978 1918 21960 54187 2 1267 0	[bos] 1660 50473 1918 2 32 3132 267 807 262 0 [eos]
641 1 11078 1933 8759 34302 9474 1267 14 652 10804 1615 14301 214 7772 6089 2 39749 0 13266	[bos] 641 1 11078 1933 5081 9867 5891 2 1267 14 2013 1615 6089 4644 10804 13266 0 17459 1 2456
135 907 63 3026	[bos] 135 907 63 [eos]
1676 1163 2775 138	[bos] 875 176 305 138 167 203 1968 1163 1678 181 [eos]
100 390 2336 3040 5 40 39 51 138 460 41 141	[bos] 3040 8137 5 40 181 51 305 100 2013 138 460 41 141 [eos]
46 26 44 42 43 41005 17389 518 45 95 104 27 28	[bos] 115 116 41037 70 518 71 27 28 26 73 74 16800 50 72 [eos]
438 1 405 34566 49845 3 53348 48526 6 32053 4 1328 19 675 2 51765 389 0 40926 48197	[bos] 438 1 3831 656 423 1643 3813 6121 3373 3373 3373 3373 3373 3373 3373 3373 15210 3373 15210 3373
1 52 60424 48 2 18 0 13	[bos] 69 1 48853 61 59 48 2 18 60 53832 54807 54807 54807 54807 54807 53832 53832 53832 53832 4782
255 265 525 134 263 266 395 264 34 247 303 267 262	[bos] 255 265 134 263 266 395 264 34 247 303 267 262 5267 [eos]
277 92 1 29 150 2475 15 0	[bos] 277 1 2 2475 0 7 15 [eos]
100 90 609 40 4273 23 51 178 460 216 5 368 41 141	[bos] 100 90 609 40 4166 51 178 460 216 5 2535 4239 1150 23 368 41 141 [eos]
1027 656 423 930 5379 981 23 39 1142 1130	[bos] 1027 5051 930 981 23 39 1142 1130 [eos]
100 22192 33623 51	[bos] 100 2 100 390 2336 3040 [eos]
255 265 525 134 263 266 395 264 34 247 303 267 262	[bos] 255 265 134 263 266 395 264 34 247 303 267 262 5267 [eos]
793 794 778 721 668 1738 563	[bos] 793 794 778 5 721 668 1744 563 [eos]
46 26 44 42 43 613 15567 45 95 12283 50 27 28	[bos] 115 116 74 70 613 71 25492 27 28 26 73 50 72 [eos]
157 156 154 159 158 155	[bos] 2954 2928 2944 2925 2908 2882 2942 [eos]
115 73 116 74 70 235 71 31609 32966 72 234	[bos] 1366 485 488 486 664 40378 484 35939 1369 487 [eos]
53169 47 15 12 315	[bos] 76 21262 15 12 315 [eos]
46 26 2504 44 42 40746 45 95 104 27 28 43 16375	[bos] 115 2504 116 421 41861 16956 74 70 71 27 28 26 73 50 72 [eos]
1450 135 63 6030	[bos] 1450 135 63 [eos]
5182 1 1424 1137 2213 2714 4118 2112 2051 0 19 5294 4667 150 2286 2765	[bos] 5182 1 1424 1137 4667 2213 2714 4118 2112 2051 0 19 5294 2 2286 2765 [eos]
1298 1012 1752 1 13568 14247 0 6358 117 1986 349 34680 2 1541 2317 10391 36 7 9879	[bos] 1012 13568 2317 1 13568 2317 2575 14247 14189 1986 349 14189 117 2575 14247 9879 117 1986 349 2
35354 3153 4280 849 32 25 78 274 12435 2361 1765 245 244 23 256 2409 51 238 246 1838 39214 624 307 32920 289 136 17 62	[bos] 5697 579 6106 169 32 25 284 274 217 6203 567 18964 16316 9619 9765 5 25 4813 769 34219
4177 7494 7491 6299 7477 7481 53 957 6301 962 7482 5	[bos] 962 5 284 4 3012 2 53 957 4164 3012 34161 20092 1 0 [eos]
2526 4 3 9711 6936 5712 7367	[bos] 4 1 3 2 173 24134 357 [eos]
18558 20307 6196 67 1 18722 93 2 77 6080 20868 19419 0 52449 56083 56120 54675 6471 9300 20771 21501	[bos] 18558 20307 8160 686 67 1 18722 93 54675 6471 2 77 6080 20868 19419 0 50049 56083 20771 21501
6314 172	[bos] 3377 1117 3372 703 1211 3146 3348 3049 532 3385 1579 3376 3281 3391 1180 2883 1392 1040 3356 5
46 26 44 42 204 15785 40937 45 104 27 28 43 372	[bos] 16682 42347 372 74 70 193 27 28 26 73 938 16887 50 72 [eos]
8602 201 3483 21933	[bos] 3483 21933 8602 207 [eos]
11206 12353 20837 4441 3864 8158	[bos] 83 938 266 264 34 247 [eos]
81 50199 252 52 2 18 56439 1 80 0 13	[bos] 81 69 45624 124 61 59 2 18 60162 60 1 80 0 13 [eos]
19533 14157 1467 16905 9937 9837 4219 34128	[bos] 83 14157 20467 16905 9 9837 41394 41394 23620 1467 123 9937 13787 2869 4219 [eos]
40175 6204 31774 1862 17480 93 8803 0 1 1912 2 3664 28208 22805	[bos] 8956 1862 22466 93 8803 4256 26119 9155 5759 1 1912 2 26119 26119 8831 0 58066 [eos]
50512 52 48 2 18 1 51273 0 13	[bos] 5063 92 1 29 134 263 266 264 34 2 266 266 13 [eos]
1 52 48 2 55861 46558 18 48695 0 13	[bos] 69 1 61 59 48 2 55861 60 46558 18 48695 0 13 [eos]
92 1 29 150 0 25826	[bos] 1 2 7 0 25826 [eos]
196 881 884 882 781 776 1320 578 783 60455 565 774 1263 885 620 507	[bos] 196 1788 881 884 882 781 776 578 783 30688 776 565 774 885 620 507 [eos]
1736 1557 181 138 2643	[bos] 2700 3380 860 181 5275 237 2746 138 [eos]
33396 13184 7772 11641	[bos] 33396 13184 7437 4644 [eos]
5150 40607 5853 5942 5985 5821 5915 5842 1169 243	[bos] 243 5150 5853 985 5853 5985 5821 5915 5842 5842 [eos]
574 46 44 42 43 16755 204 575 45 16673	[bos] 73 17242 74 70 71 8490 27 28 26 73 [eos]
2157 39405	[bos] 7369 262 [eos]
3425 92 1 11515 11745 2 3399 11573 96 0 11883 29 11212 11187 11861 150 173 3363 11367 953	[bos] 3425 1 11515 3507 11883 11861 11745 2 3399 11367 11573 96 0 11212 11187 173 3363 [eos]
765 3216 308 2971	[bos] 765 4 308 988 [eos]
21220 20864 20 1876 20333 53092 687 2628 18479 43125 20528 2351 417 1409 15053 5646 3896 140	[bos] 20528 20864 20 12967 20333 2810 2628 15053 18479 18479 20528 1512 2233 20 15053 15053 20528 15053 15053 20528
801 818 819 867 1886 8 1534 2521 2055 10	[bos] 801 818 819 867 1886 8 2521 17 2055 10 [eos]
196 881 884 30768 882 781 776 1320 2330 2514 578 783 565 774 1263 885 620 507	[bos] 196 1788 881 884 3195 32 25 12274 2330 2514 578 783 565 774 1263 885 620 507 [eos]
1158 1691 3488 1692 237	[bos] 1158 1691 3538 1692 237 [eos]
81 252 52 2 18 46485 57562 1 80 0 13	[bos] 81 69 124 61 59 2 18 56671 60 59467 0 13 [eos]
115 25441 73 116 74 70 235 71 25877 72 234	[bos] 485 488 486 664 484 25877 1366 25441 1369 487 [eos]
390 848 32 319 791 775 320 17 167 203 5 25 350 132 176 212 197 386 8 39 528 141	[bos] 2013 32 25 319 386 8 335 305 141 17 167 203 350 176 212 320 541 [eos]
15575 3477 2903 2803 1902 4884 3886 4389 4424 16784 2390 334 6300 3093	[bos] 15575 3477 2903 2803 9590 1902 4884 3886 6300 4389 4424 16784 2390 334 [eos]
5955 3306 38790 32745 77 1516 2319 25158 5539 3318 6504	[bos] 2 2319 5120 6667 848 32 25 19255 1317 36172 1317 [eos]
20085 35 336 53035 37 57995 22286 51054	[bos] 20085 35 336 51054 37 57995 51054 35 [eos]
661 920 2013 190 292 663 647 887 1656 646 237 1606 916 1617 1608 8 181 1653 890	[bos] 661 190 860 292 663 3052 8 647 2265 890 887 2996 2512 390 646 237 [eos]
31948 7772 93 121 11641 184	[bos] 1317 22 567 395 264 34 121 184 [eos]
1 2 96 0 5208	[bos] 92 1 29 150 96 0 5208 [eos]
1412 239 785 958 1 7928 4715 101 58018 2 25968 26100 1054 0 58224 10674 3358 44523 43988 17340 5500 746 26087 46577 59126 1003	[bos] 1412 239 785 958 1 4715 2 4715 101 2 26100 0 4715 1 37896 44523 44523 44523 44523 44523
4664 133 12621 1405 2994 269 1408 10181 9832	[bos] 2324 133 1405 1986 263 266 264 34 247 267 262 [eos]
23719 42427 47370 1318 2 28013 52476 53072 674 14816 56480 1 79 10865 19 33717 5035 0 45654	[bos] 60489 213 3512 60489 213 2 60489 60489 213 3512 60489 60489 213 1 79 60489 213 2 60489 213
1125 1 150 3952 5484 0 10647 3132 1638 92 2650 29 10575	[bos] 1125 1 3952 2 5484 7 0 41217 3132 2 3132 1638 3132 [eos]
227 5 40 160 8 41 168 223 197 23	[bos] 223 227 5 1361 40 8 41 197 23 [eos]
18445 19 8895 19934 7597 7523 9409 2551 8359 20482 3322 17943 9289 10351 1 2 18760 18965 20527 0 10618 7942	[bos] 18445 19 8895 19934 7597 7523 9409 11571 2551 9223 8359 3322 10351 10351 1 10351 2 20527 18965 20527
1808 29 106 11494 5907 5729 23232	[bos] 11882 18651 1 14256 106 5417 [eos]
2259 5624	[bos] 2259 5668 5559 5622 5577 [eos]
19433 1794 1486 57 66 75	[bos] 45624 1794 1 1486 2 0 [eos]
972 38257 14594 2250 12828 96	[bos] 8490 [eos]
13741 6608 7385	[bos] 13804 12942 10305 10321 13741 6608 7385 [eos]
46 44 42 43 235 26334 45 95 25062 234	[bos] 115 73 116 74 70 235 71 26334 25062 72 234 [eos]
1725 13687 9169 3564 4874 6019 8480 10163 20430 12 13047 12102 12934 10330 14348 19494 5 1567 5827 37716	[bos] 1725 1725 1725 1725 1725 1725 1725 1725 1725 1725 1725 1725 1725 1725 1725 1725 1725 1725 1725 1725
38375 1693 1447 1898 1642	[bos] 38375 1693 1447 1642 1901 [eos]
83 3904 39039 169	[bos] 83 14157 20467 16905 9 2 47 6 0 [eos]
1866 13798 13826 16446 13816 13844 16470 16455 17205 15167 17189 42433 13822 332 29679 17193 331	[bos] 21204 31202 13798 13826 16438 13816 13844 16470 16455 17205 15167 13822 332 17193 331 [eos]
2243 181 498 570 138	[bos] 1458 237 176 181 498 570 305 1078 138 167 203 [eos]
92 1 17683 29 150 1478 340 96 0	[bos] 1 8781 2 340 96 0 [eos]
46 26 44 42 17251 45 104 27 28 43 372 204 42152	[bos] 372 70 193 27 28 26 73 42027 74 17251 71 50 72 [eos]
214 621 210 27698	[bos] 214 55788 210 270 [eos]
92 1 108 29 13187 0 4320 150	[bos] 1 108 3684 2 14054 7 0 [eos]
1864 3873 18081 10447 10782 20463 34064 41980 2313 802 1368 180 41146 10 1426 732 1170 10216 1765 17 289	[bos] 27605 1398 30650 36308 30650 36308 30650 36308 30650 36308 30650 14656 27605 10625 1170 10625 1170 10447 28439 30650
46 26 44 42 204 40871 45 17371 104 27 28 43 372	[bos] 42129 372 74 70 193 71 17371 27 28 26 73 50 72 [eos]
3799 67 558 1037 814 975	[bos] 3799 67 558 1037 110 478 35171 [eos]
4546 17772 9296 4566 8 34509 4603 17642 33462 995	[bos] 10359 9029 2711 28032 507 3949 4248 7835 [eos]
55962 2227 3080 1924	[bos] 567 4249 21477 2227 5245 110 478 3080 1924 [eos]
81 46765 52196 252 52 2 18 1 80 0 13	[bos] 81 69 58644 124 61 59 49287 2 18 60 1 80 0 13 [eos]
23783 46 26 44 42 43 632 328 45 23964 50 27 28	[bos] 3279 3269 6203 1613 56618 1695 193 71 1695 27 28 26 73 50 72 [eos]
2189 2085 1979 699 132 1344 197 8 12504 2063 2076 479 2084 690 3361 772 1975 5 2812 787 2056 2146	[bos] 2189 2085 1979 699 1344 197 8 1012 2076 479 2084 690 3361 772 1975 5 2812 787 132 160
20 24 5713 140	[bos] 20 24 112 140 [eos]
590 32050 15658 10189 5877 16577 10199	[bos] 2094 262 100 3362 3431 13510 2438 5000 4979 5056 5053 2437 [eos]
390 848 32 319 791 775 320 17 167 203 5 25 350 132 176 212 197 386 8 39 528 141	[bos] 2013 32 25 319 386 8 335 305 141 17 167 203 350 176 212 320 541 [eos]
1 29 150 550 3181 11454 189 92 96 519 0 2591	[bos] 189 1 550 311 7 2 875 3181 96 519 0 2591 [eos]
277 3460 736 31 33 30	[bos] 277 6488 14 1267 44781 30 2013 2 2475 [eos]
3569 1417 29 1453 150 33686 10035 0 35023 36238 35 6177	[bos] 3569 6177 1417 1453 150 33686 10035 0 36238 29 2048 35171 [eos]
2259 5624	[bos] 2259 5668 5559 5622 5577 [eos]
1830 1283 387 21 2214 441 1535 2083 312 786 551 531 56 1632 514 349 321 317 1713 221 1499 515	[bos] 1830 387 21 2214 441 1535 2237 2083 312 2719 786 551 531 56 1632 514 349 321 317 1713
2141 855 1927 935 32 25 940 939 941 896 8 396 1097 138	[bos] 855 935 32 25 940 939 941 896 8 1097 138 396 2081 [eos]
574 46 44 42 43 204 575 45 16059 16071	[bos] 73 74 70 71 16059 16071 72 234 193 235 [eos]
84 111 5 46149 30535 7774 53 32964 127 21040 114 1105 12756 4410 306 9980 1641	[bos] 84 395 264 34 5505 59 2 153 11144 3158 1 3492 0 13 3229 191 [eos]
48743 49461 51017 52 48 2 18 45154 1 0 13	[bos] 69 45006 1 61 59 48 2 18 60 47793 60 0 13 [eos]
51286 1 52 59118 48 2 18 0 13	[bos] 4018 1 1468 34 61 59 48 2 18 60 0 13 [eos]
2119 32 25 8 138 22417	[bos] 102 10 4959 32 3106 10872 40 12688 2058 319 305 320 4765 614 167 203 5 25 132 176
8132 12899 16107	[bos] 15816 8132 12899 11654 [eos]
8105 6413 15131 27748 7287 28185 25319	[bos] 8105 28074 24566 7287 28078 6413 [eos]
3005 2010 2060 3672 8	[bos] 3964 2010 4397 2060 8 43883 [eos]
6314 172	[bos] 3377 1117 3372 703 1211 3146 3348 3049 532 3385 1579 3376 3281 3391 1180 2883 1392 1040 3356 5
2097 27396 33622 228 5734	[bos] 32 25 8765 11036 1317 [eos]
1 52 48 45410 2 18 50130 58771 0 13	[bos] 69 1 61 59 48 45410 2 60 18 50130 50130 50130 50130 58771 0 13 [eos]
8621 5277 8539 5254 48754 3800 5161 3839 8535 3821 8209 8583 8117 5291 3498 8163 8543	[bos] 5254 8057 90 3800 5161 3839 3821 8094 8322 8404 5277 5291 3498 [eos]
2564 4293 416	[bos] 2215 29 37 898 707 33 1493 30 17 [eos]
43067 1942 18716 2809 1610 720 1687 9142	[bos] 1942 58724 18716 2809 1610 720 1687 9142 [eos]
33438 5 40 2216 37 23 3665 41 29595 2209	[bos] 2194 1501 40 38 33 15 30 1317 1317 2194 1501 [eos]
99 1436 1437 6536 3341	[bos] 99 32 25 [eos]
46 26 44 42 43 40822 45 95 104 27 28 518 16303	[bos] 115 116 74 41639 70 71 27 28 26 73 518 16303 50 72 [eos]
49509 57538 1 52 52915 48 2 18 0 13	[bos] 21204 21204 21204 69 10137 48 2 18 60 32 1317 0 13 [eos]
18582 44433 33337 56955 75 310 117 53341 57 45671 45143 790 66 59878	[bos] 32 25 4316 32 32 25 4786 8 32 3431 8 32 25 5404 [eos]
33813 2193 2186 13286 108 32945	[bos] 33813 19647 2193 2186 13286 108 [eos]
46522 27516 51199 12	[bos] 46522 27736 [eos]
6717 2430 2452 3162 145 1677	[bos] 2430 2452 145 5012 4976 3162 [eos]
20 22168 22273 24 3 22 6043 58 37215 48329 51583 18393 55497 4 19156 1 68 51276 18572 16871 2 44328 87 47002 13019 324 0 17386	[bos] 3012 29935 37625 34350 3803 34554 3 22 37747 37747 18393 37747 77 18393 16 9703 1754 22168 22168 22273
16 619 99 927 273 8590 8175 8460 77	[bos] 16 619 99 927 8460 273 8590 8175 [eos]
45832 24	[bos] 1869 1 24 38 2 0 [eos]
504 457 852 230 1871 12361 10115 5449 2316 254 1709 1307 10873 5569 6026 861 258	[bos] 12438 3579 12606 458 230 1536 5449 254 12337 1985 839 5569 6026 2630 852 12328 644 861 258 [eos]
20 2116 913 33059 22933	[bos] 20 913 33059 121 [eos]
47715 403 10 51483 57155 9 57968	[bos] 536 262 403 [eos]
10273 23686 40525 25994 35326	[bos] 10273 25111 13452 190 9534 266 264 34 247 15220 13633 3555 9534 7726 3231 [eos]
919 20687 13887 8957 3168	[bos] 919 1554 6568 6263 24 [eos]
157 156 154 159 218 219 354 158 155	[bos] 157 156 219 154 159 218 158 155 [eos]
6442 10857 24 3 1624 58655 194 1478 49817 954 15 54 340 56722 7266 1153 4 1718 206 17144	[bos] 1012 1 24 3 498 570 138 190 8412 21204 11 5665 19411 19411 4362 6948 6948 9825 38 [eos]
46 44 42 43 235 26334 45 95 25062 234	[bos] 115 73 116 74 70 235 71 26334 25062 72 234 [eos]
860 181 2746 138	[bos] 1557 181 138 [eos]
3377 1117 3372 703 1211 3146 3348 3049 532 3385 1579 3376 3281 3391 1180 2883 1392 1040 3356 5 1565 1597 3352 556 1575 945 1537 744 1589 1047 53	[bos] 1040 1117 703 5 1565 945 532 1579 1180 556 1575 744 1589 1047 53 [eos]
2486 109 1677	[bos] 5337 2486 109 335 1677 [eos]
1736 1557 181 138 2643	[bos] 2700 3380 860 181 5275 237 2746 138 [eos]
14319 1 969 784 2 871 0 110 2197	[bos] 122 1 110 122 21 2 3373 0 176 60 71 797 267 138 25400 26951 27 28 34109 [eos]
2119 5 197 498 570 138 528 167 203 132 176 181 39	[bos] 1458 237 176 181 498 570 305 1078 138 167 203 [eos]
1 52 48 2 18 50783 56354 0 13	[bos] 69 1 61 59 48 2 18 19981 60 1317 60 28966 2453 51131 0 13 [eos]
255 265 525 134 263 266 395 264 34 247 303 267 262	[bos] 255 265 134 263 266 395 264 34 247 303 267 262 5267 [eos]
16 92 2245 295 21 3 11993 103 970 105 11 1365 7821 96 4 1012 4014 29 9 7003 85 36	[bos] 16 2245 1 295 21 3 2 105 11 7821 96 0 4 1012 1 295 4014 29 9 7003
727 726 6492 6494 7066 7360 6877 6884 6885 7060 6328 7061 7518 15206 16707 6882 16711 6324 16716 6875	[bos] 727 726 92 92 1 7835 2711 7835 7835 5120 5120 6667 92 92 92 92 92 92 21123 7835
1 108 13187 4320 2 7 0	[bos] 92 1 108 29 6335 0 2 138 1 1297 [eos]
1 52 48 60159 18 2 54294 0 13	[bos] 69 1 61 59 48 2 18 60 2 10469 0 13 [eos]
107 35 1775 1 830 14761 130 2 47 0 99 19	[bos] 107 35 1775 1 830 14761 130 2 2500 47 0 99 19 [eos]
12395 2703 689 420 13772 19241 15218 951 4899 14302 571 606 13729 921 301 616 4635	[bos] 18651 2194 1501 420 1114 264 34 864 1754 3 61 59 2 2871 34679 142 18651 964 13189 [eos]
157 156 154 159 218 219 354 158 155	[bos] 157 156 219 154 159 218 158 155 [eos]
3027 38887 201 34280 37442 1051 700	[bos] 1064 38887 34280 37442 700 207 3027 [eos]
7868 14691 5838 394	[bos] 14691 5838 6169 394 [eos]
46 26 2504 44 42 45 41684 95 104 27 28 43 15874	[bos] 2504 116 2504 116 15874 74 70 71 27 28 115 16623 26 73 50 72 [eos]
3452 2100 2160 1 19 101 2 3726 2672 0	[bos] 2100 2160 1 19 3360 101 2 0 2672 [eos]
5596 230 1871 94 1307 457 5502	[bos] 5596 5502 458 230 6015 1536 94 1985 [eos]
1965 93 14584 164 1409 4386	[bos] 1965 5534 7369 7369 17214 4383 [eos]
81 52 2 18 54618 1 80 56106 252 0 13	[bos] 81 69 61 59 2 18 3040 8137 60 1 80 62 13 [eos]
8415 2612 13833 1905 3355 605 75 57 31659 66 33736	[bos] 8415 2612 21204 1905 3355 11 26085 [eos]
46 26 44 42 43 414 24216 45 95 23670 50 27 28	[bos] 115 116 74 71 23481 27 28 26 73 414 70 23767 50 72 [eos]
46 26 44 42 43 45 95 27250 50 27 28 414 24152	[bos] 115 116 74 71 27250 27 28 26 73 414 24152 70 50 72 [eos]
21262 15 12 315	[bos] 76 21262 15 12 [eos]
2109 330 3028 11	[bos] 2109 76 330 11 [eos]
157 156 154 159 218 219 354 158 155	[bos] 157 156 219 154 159 218 158 155 [eos]
1346 40008 4137 1 39113 16826 57 8826 2 211 19064 22633 20726 196 7 37229 30323 66 0 13	[bos] 16621 16621 2 20057 0 20057 [eos]
5351 40 37 23 8 1508 5 25 41 1427	[bos] 4689 40 37 23 59734 41 5 25 385 25 [eos]
1450 135 63 6030	[bos] 1450 135 63 [eos]
113 97 148 311	[bos] 113 97 148 [eos]
1 52102 52 48 2 18 0 13	[bos] 69 1 6038 61 59 48 2 18 60 0 13 [eos]
113 97 148 311	[bos] 113 97 148 [eos]
196 881 884 882 46814 781 776 1320 578 783 565 774 1263 885 620 507	[bos] 196 1788 881 884 882 51906 781 776 578 783 565 774 1263 885 620 507 [eos]
51263 2887 52522 43676 11649 57666 42758 47367 679 6781 11577 14546 20 16 52367 54301 46524 51581 54416	[bos] 19 47622 8137 5 5292 264 34 679 534 181 6121 262 134 20 16 1458 237 [eos]
92 3446 1 9839 29 150 213 6342 0	[bos] 3446 1 9568 213 2 7 6342 0 [eos]
102 100 10 168 216 411 444 164 31 33 51 684 30 443 406 190 134 440 29 413 291 412 409 160 8 560 788 437 86	[bos] 102 10 168 216 411 444 164 31 86 33 51 684 30 615 100 443 406 190 134 440
255 265 525 134 263 266 395 264 34 247 303 267 262	[bos] 255 265 134 263 266 395 264 34 247 303 267 262 5267 [eos]
2565 16 99 77 273 14	[bos] 2565 16 99 273 14 [eos]
102 100 10 168 216 411 444 164 31 33 51 684 30 443 406 190 134 440 29 413 291 412 409 160 8 560 788 437 86	[bos] 102 10 168 216 411 444 164 31 86 33 51 684 30 615 100 443 406 190 134 440
8855 473 627 1 4035 20976 1381 10879 8728 1770 56438 38834 3184 1013 2296 2 4309 650 2332 0 6603	[bos] 18968 16858 1 7673 7285 442 2 19400 18350 12089 12873 18891 1 7673 7285 442 2 19400 18350 12089
10 40 8650 9880 23 54976 55449 59817 41 11214 7146 609 11233 5 11537 20521 21101 19894 4428 20282 4407 47105 12164 11223 48466 11976 11997	[bos] 10 40 26969 34 41213 23 16678 41 [eos]
2486 109 1677	[bos] 5337 2486 109 335 1677 [eos]
135 907 63 3026	[bos] 135 907 63 [eos]
46 26 44 42 43 41572 518 45 95 27 28 104 16589	[bos] 115 116 74 40783 70 518 71 27 28 26 73 50 72 16589 [eos]
100 393 32 6519 3063 2989 8 32684 38489 51 1304 186 1526 98 1476 167 2414 4559 14712 3042 58849 475 25 6335 30002 6518 3032 176 17 4059	[bos] 1476 17426 32 6519 3063 2989 8 1526 167 2414 4559 14712 3042 5604 25 14983 6518 3032 176 17
157 156 154 159 218 219 354 158 155	[bos] 157 156 219 154 159 218 158 155 [eos]
661 920 190 916 292 663 8 647 2265 3139 890 887 390 646 237	[bos] 661 920 190 292 663 647 887 1656 614 646 237 1606 916 1617 1608 8 181 1653 890 [eos]
907 63 477 3026	[bos] 907 63 477 [eos]
330 3028 11 2109 3194	[bos] 76 330 11 2109 3194 [eos]
1143 90 216 228 62 368 10254	[bos] 90 534 228 542 368 62 3883 1143 216 5 [eos]
2977 1 8959 2 18593 8925 9211 19 0 13978	[bos] 21204 5268 1 3017 337 21204 5268 2 13487 0 8461 5507 [eos]
255 265 525 134 263 266 264 34 247 797 267 807 262	[bos] 255 265 134 263 266 264 34 247 797 267 6038 807 262 [eos]
46 26 44 42 204 16708 41475 45 104 27 28 43 372	[bos] 42060 372 74 16708 70 193 71 27 28 26 73 50 72 [eos]
1620 16 214 23613 59209 36457 36 858 15031 24123 30336 38857 11 22432	[bos] 32 25 880 15220 2215 29 2009 29 2009 567 2119 15 15220 11 36 [eos]
10 5019 703 2242 5 3861 1712 4958 1116 744 1799 4109 2248 2262 435 915 2256 736 1758 1626 53 4957 532	[bos] 703 5 1712 1116 744 1799 532 2248 3163 2242 915 2256 736 1758 1626 53 [eos]
167 176 202 3854	[bos] 1476 5387 167 202 [eos]
1834 5 40 23 2179 7555 41 12	[bos] 3210 5 40 23 41 5 2190 34999 2194 [eos]
40704 100 9585 3209 10900 51	[bos] 19042 100 2198 90 138 100 10887 51 [eos]
13696 4177 962 5 13888 13874 13880 13862 13869 957 13715 13717 13720 13707 13711 13700 13705 13694 13856 53	[bos] 42011 962 5 5 40 37 23 1687 3431 41 [eos]
1 19 150 5192 14 47 0	[bos] 1 19 14 47 0 2 5192 [eos]
122 2557 1 19 2951 463 101 2 173 3619 352 365 205 489 3129 221 231 0 8497	[bos] 122 5063 1 19 2951 463 101 267 173 190 4 1626 2 489 665 848 32 25 8765 6263
1458 237 176 181 498 570 305 1078 138 167 203	[bos] 2119 5 197 498 570 138 528 167 203 132 176 181 39 [eos]
157 156 154 159 218 219 354 158 155	[bos] 157 156 219 154 159 218 158 155 [eos]
277 1 2 2475 0 7 15	[bos] 277 92 1 29 150 2475 15 0 [eos]
2141 855 1927 935 32 25 940 939 941 896 8 396 1097 138	[bos] 855 935 32 25 940 939 941 896 8 1097 138 396 2081 [eos]
92 1 11335 29 150 12488 0	[bos] 1 11335 2 0 7 12488 [eos]
6401 420 2809 6516 1687 1610 10376	[bos] 6401 420 2809 6516 22332 1610 10376 [eos]
1620 35 12521 369	[bos] 35 782 369 2871 [eos]
19 24034 150 550 927 2707 953 17131 96 1 3207 23316 489 0 18249	[bos] 19 24034 550 2707 953 17131 96 1 3207 2 927 23316 489 0 18249 [eos]
14360 710 810 12433 808 1353 1098 1099 587 2813 30 30643 12351 14041 12848 2831 809 704 1351 31 1100 640 33 1763 435 671 2827	[bos] 710 1353 1098 1099 36310 587 2813 30 810 12535 808 12544 12637 12388 2831 809 704 1351 31 1100
90 2639 3045 292 3041 197 145 541 141 17 2336 13821 2367 32 5 25 520 132 212 2985 6250 8 39	[bos] 90 2639 3045 14037 292 3041 2985 197 8 541 141 17 2367 6378 32 5 25 520 132 212
255 265 525 134 263 266 395 264 34 247 303 267 262	[bos] 255 265 134 263 266 395 264 34 247 303 267 262 5267 [eos]
323 5259 835 5252 34 5157 27660 315	[bos] 323 5259 835 76 5252 34 5157 27660 [eos]
36527 2193 2186 169 13734	[bos] 19324 23435 2193 2186 169 13734 [eos]
157 156 219 154 159 218 158 155	[bos] 2954 4250 2928 2944 4215 2925 2908 2882 2942 [eos]
661 920 190 916 292 663 8 647 2265 3139 890 887 390 646 237	[bos] 661 920 190 292 663 647 887 1656 614 646 237 1606 916 1617 1608 8 181 1653 890 [eos]
504 5550 1082 1 852 230 5676 2 8 1079 0 457 10 94 254	[bos] 5550 1082 10 458 852 230 5676 644 31 8 1079 30 51 94 254 [eos]
1794 15389 10588 57 10065 66 75	[bos] 1794 981 2 39 1383 0 1 1097 138 [eos]
46 44 42 43 26275 235 26482 45 95 234	[bos] 115 73 116 74 70 26275 71 26482 72 234 [eos]
4 113 1342 3 2659 103 11 38110	[bos] 16 4 1342 3 2659 103 11 3380 860 11 3380 860 [eos]
81 252 52 2 18 51323 46224 1 80 0 13	[bos] 81 69 124 61 59 2 18 42848 55956 60 1 80 0 13 [eos]
1736 1557 181 138 2643	[bos] 2700 3380 860 181 5275 237 2746 138 [eos]
18004 18121 18197 201 3483 21488	[bos] 18004 207 18121 18197 3483 21488 [eos]
4 68 8719 253 3 280 22 58 2112 87	[bos] 4 253 3 22 39539 87 15418 [eos]
504 457 5657 230 1102 5579 5591 2651 6165 5864 94 254	[bos] 5864 458 5657 230 12383 5591 2651 1295 644 5579 94 254 [eos]
2157 25997 4877	[bos] 239 2009 823 33655 30106 38354 34617 88 1018 28556 34523 202 77 39079 [eos]
112 35256 1449 1990 1568	[bos] 112 41838 8980 62 2013 [eos]
10 48354 9 57910	[bos] 1467 123 9 14189 117 229 [eos]
617 1025 1323 34823 38281 17	[bos] 659 2215 29 241 24575 19307 264 34 920 190 3 486 484 211 2034 19307 15504 72 234 [eos]
10 68 10397 36348 58	[bos] 68 14234 58 3241 1962 96 2727 [eos]
3914 2317 951 616 4899 33485 36859 2703 571 606 14206 420 1422 301	[bos] 3914 4899 33485 36859 2703 571 606 14206 420 1114 2317 1422 301 [eos]
255 525 92 134 263 266 395 264 34 247 267 262 265 20 303 9	[bos] 255 92 134 263 266 395 264 34 247 262 265 20 303 9 4556 267 [eos]
46 26 2504 44 43 15967 45 95 104 27 28 41122 42	[bos] 115 2504 116 74 2504 116 534 2630 70 71 27 28 42301 [eos]
122 286 29124 1 38971 31329 194 2 660 7 33403 18857 0 1070 1324 2017 349	[bos] 122 1324 286 29124 1 38971 7659 226 2 660 7 2674 0 2017 349 18857 863 [eos]
7437 52 4644	[bos] 69 7437 61 59 60 4644 [eos]
8621 5277 8539 5254 46547 3800 5161 3839 8535 3821 8209 8583 8117 5291 3498 8163 8543	[bos] 5254 8057 3800 5161 3839 3821 8094 8322 8404 5277 5291 3498 18877 3498 [eos]
392 11106 11104 27327 10790	[bos] 10838 23826 10887 392 10839 [eos]
81 252 52 2 18 1 80 55795 50115 0 13	[bos] 81 69 124 61 59 2 18 60 1 80 60242 5063 32 0 13 [eos]
1 52 48 18 2 50877 0 43874 13	[bos] 69 1 61 59 48 18 60 2 4864 6026 2630 852 486 0 13 [eos]
987 815 36513 582 12966 1657 34782 1164 29853 6708	[bos] 987 815 390 2336 53774 2336 1726 417 138 4871 [eos]
113 97 148 311	[bos] 113 97 148 [eos]
23783 46 26 44 42 43 414 45 95 23964 50 27 28	[bos] 115 23332 116 74 71 25500 72 234 71 2013 72 234 50 72 [eos]
2294 6610 4440 10269 27629	[bos] 2294 6610 4440 10269 [eos]
46 23774 26 44 42 43 632 328 45 27034 50 27 28	[bos] 23774 74 70 71 27034 27 28 26 73 193 632 50 72 [eos]
1458 237 176 181 498 570 305 1078 138 167 203	[bos] 2119 5 197 498 570 138 528 167 203 132 176 181 39 [eos]
223 227 5 3106 1372 10095 563 9583 9961 1393 132 536 197 4494 8 260 138 4765	[bos] 90 227 1150 8 19922 17 [eos]
5270 1525 201 18540	[bos] 1525 20190 5270 207 [eos]
8377 25 55701 37 8 1433 1427 17	[bos] 710 25 37 8 32 25 8118 17 [eos]
111 5 53 2378 127 3919 9567 222	[bos] 111 5 3158 53 222 2378 127 [eos]
11567 277 1 2 0 7 15	[bos] 11567 92 1 29 8512 150 0 [eos]
190 212 31 39 437 33 30 141	[bos] 615 190 212 31 33 30 141 [eos]
3711 11870 51133 43702	[bos] 3711 1317 263 266 264 34 247 267 [eos]
107 35 1 830 130 2 14 47 14925 0 99 19	[bos] 107 35 1 830 130 2 2500 14 47 14925 0 99 19 [eos]
81 60017 252 52 2 18 51493 1 80 0 13	[bos] 81 10391 124 61 59 2 18 20309 60 1 80 0 13 [eos]
392 2221 4515 3034 11972 2222 12013 12016 3211 5324	[bos] 392 2221 4515 3034 11200 2222 9517 11208 3211 5324 [eos]
855 935 32 25 940 939 941 896 8 1097 138 396 2081	[bos] 2141 855 1927 935 32 25 940 939 941 896 8 396 1097 138 [eos]
183 857 1 11760 9 7362 2 211 12721 47 27745 4881 4139 46031 0 7682 13399	[bos] 183 857 4 4881 3 11760 9 7362 211 12721 47 6 1804 28140 4139 6038 6038 807 262 216
157 156 354 154 159 158 155	[bos] 157 156 154 159 158 155 [eos]
423 32 25 5379 6293 2779 17 13160 25376 656 35 8 39	[bos] 5051 10 930 981 23 39 1142 1130 2013 32 35 25 [eos]
5214 3890 3014	[bos] 5214 1 7755 3014 7032 37070 23006 23006 37070 23006 23006 37070 23006 23006 37070 23006 37070 23006 23006 37070
16 28209 11899 184 13	[bos] 16 11305 27509 184 13 [eos]
157 156 154 159 218 219 354 158 155	[bos] 157 156 219 154 159 218 158 155 [eos]
5631 4732 1 8809 11672 11467 7454 4148 0 101 150	[bos] 4450 1 101 2 11467 3193 4148 3504 7537 0 7268 [eos]
23883 4 25080 1659 11 24272 4220 3082 24574 3 23363 26056 4434 1370	[bos] 44638 49081 22440 50527 11 1506 37059 37059 37059 27297 38504 27297 [eos]
113 97 148 311	[bos] 113 97 148 [eos]
574 46 44 43 575 45 95 16409 17168 42	[bos] 115 73 116 17168 74 70 235 71 16409 72 234 [eos]
392 1155 736 963 5512 1755	[bos] 392 1155 736 963 5732 1755 [eos]
255 265 525 134 263 266 395 264 34 247 303 267 262	[bos] 255 265 134 263 266 395 264 34 247 303 267 262 5267 [eos]
55962 567 6191 2227 8761 1034 110 478 3080 1924	[bos] 567 6191 4249 21477 2227 8761 110 478 5245 1034 3080 1924 [eos]
157 156 154 159 218 219 354 158 155	[bos] 157 156 219 154 159 218 158 155 [eos]
9082 83 30845 6903 55243 8134	[bos] 13474 14347 36 13474 43363 8490 [eos]
1725 14427 22062 9169 4350 1567 3564 3505 51 18658 13687 20872 10128 100 19288 10325 12 10673	[bos] 1725 1725 1725 1725 1725 1725 1725 1725 1725 1725 1725 1725 1725 1725 1725 1725 1725 1725 1725 1725
157 156 154 159 218 219 354 158 155	[bos] 157 156 219 154 159 218 158 155 [eos]
1336 2991 4154 3000 1352 1339 1337 1343 1332 1334 1354	[bos] 2392 5951 2369 1336 4154 1352 2380 1339 1337 1343 2375 1332 1334 1354 [eos]
2020 29 150 89 96 0 189 92 1 4678	[bos] 2020 189 2 96 0 1 4678 7 89 [eos]
56715 52025 43208 1 54710 52 48 2 18 0 13	[bos] 1317 38457 1315 58141 [eos]
928 135 6029 63	[bos] 928 135 63 [eos]
1125 1 150 3952 5484 0 10647 3132 1638 92 2650 29 10575	[bos] 1125 1 3952 2 5484 7 0 41217 3132 2 3132 1638 3132 [eos]
17035 16587 78 17056 5365	[bos] 17035 16587 78 17056 5365 [eos]
32 25 319 386 8 335 305 141 167 203 350 176 212 320 541 614 17	[bos] 390 848 32 319 791 775 320 17 167 203 5 25 350 132 176 212 197 386 8 39
11828 11836 10985 11802 23294 10938 10243 11662 34098 55 332 10411 11825 11830 331 11818	[bos] 11828 11836 11802 11802 10938 10243 727 726 331 25574 10411 331 35201 [eos]
13597 57113 3943 1766 53734 7115 1791	[bos] 48626 415 24476 97 [eos]
4425 4279 4908	[bos] 4425 4279 7583 10897 4908 [eos]
2013 32 25 319 386 8 335 305 141 17 167 203 350 176 212 320 541	[bos] 390 848 32 319 791 775 320 17 167 203 5 25 350 132 176 212 197 386 8 39
23787 22975 9084 26752 5 3595 5418 17158 22609 53 39 23382 18409 15221 205 36979	[bos] 14419 8412 5665 19411 4362 6948 10017 8412 4790 5665 5533 19411 4362 6948 6948 10017 [eos]
3012 4299 29935 30149 37625 3803 34554 3922 36339 37747 77 3783 8225 13944 3760 35871 33526	[bos] 3012 29935 37625 34350 3803 34554 3922 4937 37747 4937 77 3783 8225 13944 3760 3760 3803 34554 3922 [eos]
34948 10676 16056	[bos] 48688 44834 3250 4 [eos]
390 32 319 791 320 17 167 203 5 25 350 132 176 212 197 386 8 39 335 775 528 141	[bos] 32 25 319 386 8 335 305 141 167 203 350 176 212 320 541 614 17 [eos]
2156 1850 420 2983 951 616 5993 689 571 606 921 1422	[bos] 2156 1850 420 1166 5993 689 571 606 1114 2983 921 1422 [eos]
90 400 40 37 707 33 178 17 5 768 924 29 2022 31 23 41 30 141	[bos] 2215 29 37 898 707 33 1493 17 5 768 933 40 31 23 41 30 141 [eos]
7531 1766 1791 60353 13597	[bos] [eos]
24 582 4949 324	[bos] 24 6961 4949 [eos]
5681 10 634 1285 260 5611 3685 2619 374 313 5556	[bos] 10 634 2619 1372 1285 5464 260 25639 3670 5556 [eos]
5832 4033 4046 4038 3475 5604 3063 6538 1526 1476 6343 167 2414 3032 176	[bos] 5832 100 4046 4038 6335 3063 5950 6538 51 1304 186 1526 98 1476 6343 167 2414 393 4033 1275
26 44 42 43 414 45 95 27 28 26584 46 26362 50	[bos] 115 16682 116 42347 74 71 27 28 26 73 414 70 50 72 [eos]
81 51791 59018 252 52 2 18 1 80 0 13	[bos] 81 53520 69 124 61 2 18 60 1 80 49373 59 0 13 [eos]
1654 135 63 6042	[bos] 1654 135 63 [eos]
1314 3815 4401 4307 3136 138 4291 4371 3751 4377 7297 3419 3406 7358 3965 4272 1081 181	[bos] 1030 716 3419 3406 [eos]
1 47595 52 50363 48 2 18 0 13	[bos] 69 1 5406 41469 61 59 48 2 18 60 0 13 [eos]
5270 1525 201 18540	[bos] 1525 20190 5270 207 [eos]
6020 4492 4219 7239 34 337	[bos] 6020 9944 1467 123 436 337 [eos]
5039 4966 2438 5015 3457 4870 2437 5025 3438 4853 4892 3431 3433 2456	[bos] 3431 13510 2438 5000 4979 5056 5053 2437 4960 3438 3433 2456 4985 3457 [eos]
42953 10202 12113 42831 44581 2 7657 8519 11142 0 1 43621 604	[bos] 122 5063 1040 21 1565 945 60 1 1565 945 0 2 6568 [eos]
1286 142 39130 76 44954 1287 1741 1288 179 46859	[bos] 1286 142 2303 1189 34 1287 1741 1288 179 34 [eos]
7869 2751 58635 24877	[bos] 2 11327 0 1 5534 [eos]
46 26 44 42 204 17156 41412 45 104 27 28 43 372	[bos] 41785 372 74 70 193 27 28 26 73 17156 71 50 72 [eos]
7208 48650 13427 50414	[bos] 7208 43756 13427 58979 [eos]
428 4 3 1103 96	[bos] 3132 2650 32384 [eos]
46 26 44 25754 42 43 414 45 95 26320 50 27 28	[bos] 115 116 74 70 71 25639 27 28 26 73 414 70 50 72 [eos]
531 2970 1283 4174 21 321 312 515 317 221	[bos] 531 7089 21 441 2237 2719 317 1713 221 1499 515 [eos]
40387 2088 3708 6172 14 312 302 67 1674 757 4206 321 317 282	[bos] 58902 56567 6172 [eos]
2935 7397 63 339	[bos] 2935 418 339 [eos]
326 4 21533 3 18244 1976 280 975 667 36830 221 3770 1037	[bos] 326 4 103 17806 3 21453 3518 1696 3279 3269 4467 470 4 6861 6134 34116 2404 [eos]
31026 2290 12232 12804 1796 24140 3770 3 948 30521 217 3619 257 616 4 33874 2137 1976 6212 720 40435 665 34168 221 35929 863	[bos] 10305 10305 10305 10305 10321 1643 7446 1360 3547 121 217 4256 10305 13829 2202 1796 11144 11415 875 720
619 99 1436 1674 1437 27666 88	[bos] 619 99 1674 88 [eos]
102 1494 10 1550 413 411 412 409 444 8 86 1079 1700 17 615 1082 443 406 190 440	[bos] 102 1494 1082 10 1550 413 411 412 409 444 8 1079 1700 17 443 406 190 440 437 86
46 26 44 42 43 41005 682 45 104 27 28 204 17389	[bos] 41037 193 71 27 28 26 73 74 16800 70 682 50 72 [eos]
815 18938 19737 14766 22142 38 217 943 15 21678 36 46336 22144	[bos] 815 44829 18938 19737 19737 38 217 943 15220 276 15220 37 15220 276 [eos]
102 1314 304 10 770 1971 4894 41183 9548 3727 1984 28153 1727 1081 8	[bos] 2303 1314 770 1971 79 2592 2595 2058 319 1984 86 2586 320 2608 1727 304 2590 1081 2599 [eos]
4005 19882 10813 12499	[bos] 12499 12499 4005 2215 [eos]
115 73 116 26797 70 235 71 72 234 74 24062	[bos] 1366 485 488 24062 1369 487 2269 [eos]
201 2804 30896 825 2387 700	[bos] 207 2804 32080 825 2387 700 [eos]
642 3828 313 12662 12 9123 10256	[bos] 642 3828 313 9123 10256 12366 12 [eos]
60579 52 57572 57303 48571 48 55339 18 57915 49813 58277 47397 1 51664 2 46676 46502 52539 59670 53765 57588 44002 0 46509 13 45396	[bos] 69 58644 61 59 49287 48 56000 60 1 56000 18 11062 262 265 20 39135 782 35988 20735 2
1 52 2 57004 45389 48 45092 55353 18 46398 0 13	[bos] 69 1 61 59 2 51085 60 864 12766 27866 568 3040 48 0 13 [eos]
46 26 44 42 43 806 328 15728 45 11139 50 27 28	[bos] 74 193 71 27277 27 28 26 73 806 70 50 72 28 42301 [eos]
3490 3545 2936 3501 6780 3536 3539 3518 1696 1321 3550 3370 6789 3510 3555 3526 191 2880 15614 6950	[bos] 3490 3545 2936 6780 3536 3539 3518 1696 6950 1321 3550 3370 6789 3510 3555 3526 4766 3501 191 2880
11252 14958 27748 8854 8955 28185 25319	[bos] 11684 24566 190 226 267 262 6844 264 [eos]
1030 716 2236 3574 1970 5890	[bos] 1030 716 2236 3574 1970 4983 [eos]
360 4033 4046 4038 1158 6435 212 36178 6353 963 3048 1159 6555 6423 1526	[bos] 360 15132 13173 60 1 37 2 266 2215 7 5187 [eos]
22880 196 1 522 37589 97 3 36720 480 2 38848 140 12588 85 57954 54 44277 42452 20 32646 4 36654 0 175	[bos] 1643 196 1 567 2119 97 3 18 16956 74 70 71 27 28 26 73 2215 54 2215 29
12550 3116 11376 2 16709 0 21691 482 259 1 35891	[bos] 12550 34 2013 138 151 2215 29 898 60 898 18328 [eos]
1143 90 534 228 542 368 62 216 5	[bos] 1143 90 216 228 368 62 [eos]
92 1 11335 29 150 12488 0	[bos] 1 11335 2 0 7 12488 [eos]
46 26 44 42 43 42188 204 682 45 104 27 28 15513	[bos] 74 41827 193 71 27 26 73 70 682 50 72 28 15513 [eos]
46 26 44 42 204 16793 45 27 28 43 372 40778 104	[bos] 372 74 70 193 27 28 26 73 14256 2215 2215 29 17314 50 72 [eos]
6136 7700 4805 13278 36 10669 7054 4733 4869 6975 4880 5405	[bos] 6136 13068 7700 4805 36 10669 7054 4733 4869 6975 4880 5405 [eos]
10135 3120 1554 4 21 3 103 11 36 56 113	[bos] 10135 3120 16 1554 4 56 21 3 103 11 36 [eos]
100 390 2336 5 40 39 51 138 460 41 141	[bos] 100 390 5 40 132 197 39 51 138 460 528 41 141 [eos]
240 12512 53350 662 48077	[bos] 240 60489 213 3512 8734 27866 8143 5459 58141 [eos]
46 26 44 42 613 45 95 11300 50 27 28 43 15379	[bos] 115 116 15379 74 70 613 71 11300 27 28 26 73 50 72 [eos]
201 3483 20334 2389	[bos] 207 3483 20334 2389 [eos]
54419 46194 20981 20987 20992 54490 21844 21854 21860 21872 21881 21901 21822 44653 21830 39	[bos] 51656 20981 20987 20992 20992 21844 21872 21881 21901 44130 44130 44130 44130 44130 44130 44130 44130 44130 44130 44130
1336 2991 3000 1352 1339 1337 1343 1332 1334 1354	[bos] 2392 5951 2369 1336 1352 2380 1339 1337 1343 2375 1332 1334 1354 [eos]
7373 2511 986 2558 63	[bos] 2511 14 2558 63 [eos]
60273 7238 6200 5030 7396 5461 4346	[bos] 9457 23486 23486 3431 3431 13510 3431 13510 [eos]
83 1 3442 29 150 3444 14948 0 3862 1125 1638 15766 92	[bos] 83 1 3442 2 14948 0 3862 1125 1638 61 59 34 1302 34 48442 14479 4871 [eos]
5584 1766 57052 1791	[bos] 7531 5584 1780 57052 14 [eos]
14104 51322 6264 27033 41362	[bos] 14104 14104 55888 17968 17968 1997 [eos]
33303 10 17296 3336 32 732 78 2513 4087 4385 38135 1472 4213 62 21367 2664 10994 1498 153 39 16669 7858	[bos] 48688 10 17296 3336 32 48271 78 49366 568 34 8734 5459 36392 27866 36392 16956 74 70 16956 32
2156 2020 146 689 2983 250 951 616 38978 1850 571 1793 606 6103 349 109 14206 420 921 1422	[bos] 2156 2020 146 689 1166 250 190 860 292 3041 2985 1643 41827 14206 420 1114 2983 5685 921 1422
52214 31134 16986 408 846 10833	[bos] 56124 57679 22133 22133 22133 22133 11379 29479 [eos]
1512 11500 1683 1 11762 2 96 0 11668 101	[bos] 1512 11500 1683 67 11668 96 550 11762 [eos]
102 10 2209 5 995 40 2216 23 8 22098 41	[bos] 102 10 2194 1501 995 40 23 8 153 2013 41 [eos]
13337 38916 17	[bos] 1324 21204 2 173 0 4316 [eos]
928 135 6029 63	[bos] 928 135 63 [eos]
1040 1117 556 945 1047	[bos] 1040 1117 703 5 1565 945 532 1579 1180 556 1575 744 1589 1047 53 [eos]
41954 2227 3080	[bos] 41699 2227 5245 3080 [eos]
1 52 48 2 18 46940 0 13	[bos] 69 1 61 59 48 2 18 60 52995 0 13 [eos]
157 156 154 159 218 219 354 158 155	[bos] 157 156 219 154 159 218 158 155 [eos]
1336 2991 3000 1352 1339 1337 1343 1332 1334 1354	[bos] 2392 5951 2369 1336 1352 2380 1339 1337 1343 2375 1332 1334 1354 [eos]
1615 641 1 1933 5081 1546 2 1267 652 1619 7022 1452 214 19 6089 0 10952	[bos] 1615 1452 641 1 1933 5081 9867 1546 5891 2 1267 163 1619 0 214 19 6089 [eos]
1834 2322 7102 5 5908 1553 949 873 779 17704 5028 673 53631 1855 48960	[bos] 1818 2322 7102 5 5908 949 1551 873 779 673 3537 5011 17657 1855 116 [eos]
157 156 154 159 218 219 354 158 155	[bos] 157 156 219 154 159 218 158 155 [eos]
1199 2626 2636 1253 458 230 1536 644 1789 2666 94 254	[bos] 2626 2636 457 1253 230 5585 1307 1199 504 1789 2666 94 254 [eos]
438 1 405 0 4 47588 19 675 3 55637 2 389 6 42323	[bos] 438 1 3831 3813 0 4 1328 19 675 1033 405 3 3837 2 389 [eos]
13381 5982 135 31712 2572 434 63	[bos] 135 2572 434 63 [eos]
83 2421	[bos] 83 142 964 2421 2159 [eos]
46616 1 48 2 18 52 54413 0 13	[bos] 69 45006 1 47793 61 59 48 2 18 60 0 13 [eos]
5794 916 350	[bos] 5794 5 4182 7113 350 132 [eos]
115 73 116 26797 70 235 71 72 234 74 24062	[bos] 1366 485 488 24062 1369 487 2269 [eos]
32 25 319 386 8 335 305 141 167 203 350 176 212 320 541 614 17	[bos] 390 848 32 319 791 775 320 17 167 203 5 25 350 132 176 212 197 386 8 39
8466 10162 35 5900 8425 4849 8292 4619 8551 4633 8520 8382 336 4570 182 37 4498 6070 4596 8271 8274	[bos] 8466 35 5900 8425 4849 8292 4619 8551 4633 8520 8382 336 4570 182 37 4498 6070 4596 8271 8274
46 26 2504 44 42 45 41684 95 104 27 28 43 15874	[bos] 2504 116 2504 116 15874 74 70 71 27 28 115 16623 26 73 50 72 [eos]
875 176 305 138 167 203 1968 1163 1678 181	[bos] 875 1676 1163 2775 138 [eos]
8466 10162 1127 5900 8382 4849 4570 8292 3744 4498 4619 1439 8551 4633 8520 1124 8425 6070 4596 8271 8274	[bos] 8466 1127 5900 8382 4849 4570 116 5505 2 3744 241 1439 8551 4633 0 1124 8425 6070 4596 8271
183 4383 15996 974 3 17255 16509 47 6 16870 42463 41465 17214 4 10011 837 5694 2943 4962	[bos] 183 17214 4383 974 3 17255 16509 47 6 16870 15996 42093 40732 4 10011 837 5694 2943 4962 [eos]
157 156 154 159 218 219 354 158 155	[bos] 157 156 219 154 159 218 158 155 [eos]
237 32 1002 6822 3674 3782 8 181	[bos] 8111 237 32 1002 3674 3782 8 181 [eos]
9465 8183 1134 6764 3912 1089 2678 1145 7645 1128 175 2860 3090 1083 9436	[bos] 9465 8183 1134 3912 1089 6185 2678 1145 2860 7645 3081 1128 175 1083 9436 [eos]
1336 2991 3000 1352 1339 1337 1343 1332 1334 1354	[bos] 2392 5951 2369 1336 1352 2380 1339 1337 1343 2375 1332 1334 1354 [eos]
255 265 525 134 263 266 264 34 247 797 267 807 262	[bos] 255 265 134 263 266 264 34 247 797 267 6038 807 262 [eos]
286 15171 3165 4247 269 89 309 5003 1107	[bos] 286 30666 267 190 6319 8 0 4030 282 [eos]
11785 810 808 12042 1353 2520 1098 1099 587 11310 30 5274 710 809 704 1351 31 1100 640 12077 12010 11778 2522 33 1763 435 671	[bos] 11785 12064 2502 810 11174 808 5 1353 2520 53 1098 1099 587 11310 30 5274 710 809 704 1351
131 49845 51765 48526 629 192 53348 40926 48197	[bos] 131 233 2034 2034 2034 2034 2034 2034 2034 3373 3373 3373 3373 3373 3373 3373 3373 3373 3373 15210
46 44 42 204 40981 45 104 27 28 17245 26 43 372	[bos] 42209 372 74 70 193 71 27 28 17245 26 73 50 72 [eos]
6229 2382 3400 5841 1587 32 25 1165 1272 37 5869 2001 6817 20662 8 1167	[bos] 6229 2382 3400 2777 5841 2359 1587 2348 32 25 1272 37 5869 8 2001 6817 2348 37 2001 6817
3173 6710 2764 17319 19445 3491 4792 1454	[bos] 789 5544 3591 6702 3472 6702 4792 1454 [eos]
2013 32 25 319 386 8 335 305 141 17 167 203 350 176 212 320 541	[bos] 390 848 32 319 791 775 320 17 167 203 5 25 350 132 176 212 197 386 8 39
7373 2558 63 477	[bos] 2558 63 477 [eos]
1027 656 423 930 5379 981 23 39 1142 1130	[bos] 1027 5051 930 981 23 39 1142 1130 [eos]
4742 2824 4 12180 1 133 11853 3 2 7 6 0 12128 953	[bos] 4742 2824 92 4 12180 1 11853 3 150 6 0 29 133 12128 953 [eos]
46 26 44 42 43 15258 275 45 95 104 27 28 41623	[bos] 115 116 74 70 275 42138 27 28 26 73 15258 71 50 72 [eos]
3167 2707 926 35 6177	[bos] 6177 1556 2048 2707 926 [eos]
457 5644 230 5480 6022 254 1652 1645 1102 5956 1329 861 258	[bos] 458 230 2111 2110 5480 254 5956 6022 5576 1295 2106 861 258 [eos]
225 278 986 907	[bos] 907 225 14 278 [eos]
255 525 92 134 263 266 395 264 34 247 267 262 265 20 303 9	[bos] 255 92 134 263 266 395 264 34 247 262 265 20 303 9 4556 267 [eos]
907 63 278 3026	[bos] 907 63 278 [eos]
39133 201 2823 825 1051 700	[bos] 207 39133 1064 2823 825 700 [eos]
5563 90 400 40 1367 5460 33 178 1863 729 6046 12791 216 5 31 23 41 30	[bos] 5563 6046 1367 5460 33 1863 729 216 5 933 40 31 23 41 30 [eos]
81 252 52 2 18 46413 53010 1 80 0 13	[bos] 81 69 124 61 59 2 18 60 46413 53010 1 80 0 13 [eos]
4840 99 3525 830 1303 13196 314 10808 3256	[bos] 82 34258 19 265 1781 2 6203 5891 71 47 314 3195 1 79 331 [eos]
47117 17390 37982 205	[bos] 9765 51122 17580 280 205 [eos]
107 35 67 1 830 130 2 0 99 19 47 15204	[bos] 107 35 67 1 830 130 2 2500 0 99 19 47 15204 [eos]
25629 7211 10 6892 10242 8187 34 9790 11614 3035 128 91 5478 660 856 14 3537 9865 236	[bos] 7211 10 6892 10242 8187 30102 26007 9790 11614 3035 128 91 5478 660 856 14 3537 9865 236 [eos]
46 26 2504 44 42 40748 45 95 104 27 28 43 16956	[bos] 115 2504 116 41861 16956 74 70 71 27 28 26 73 50 72 [eos]
157 156 154 159 218 219 354 158 155	[bos] 157 156 219 154 159 218 158 155 [eos]
4689 727 726 4569 4571 4826 5530 5928 4828 4785 4778 4690 4782 4780 4776 4520 4823 10867 4824 4786 9981 4688	[bos] 4689 727 726 4569 4571 4826 5530 5928 4827 4828 4823 4785 4778 4690 4782 4780 4776 4688 4824 4786
6000 2689 5878 230 4758 6052 5948 6063 5820 457 3367 6092 5924 6119 6002 5652 6053 5874 5976 6048 5849 6041 13433 6120 6057 5901 258 12 5859	[bos] 6000 90 2639 3045 292 3041 2985 197 8 541 141 17 1 7673 7285 442 2 6968 12766 2700
928 135 6029 63	[bos] 928 135 63 [eos]
46 26 44 42 414 45 95 27006 50 27 28 43 25344	[bos] 115 116 25344 74 71 27006 27 28 26 73 414 70 50 72 [eos]
875 176 305 138 167 203 1968 1163 1678 181	[bos] 875 1676 1163 2775 138 [eos]
5270 201 3483 20415	[bos] 3483 20415 5270 207 [eos]
15871 92 1 29 150 96 0	[bos] 538 1 2 1695 0 [eos]
52979 252 52 2 18 81 54250 1 80 0 13	[bos] 124 61 59 2 18 60 81 36134 266 395 264 34 6026 2630 852 1128 408 [eos]
255 265 525 134 263 266 264 34 247 797 267 807 262	[bos] 255 265 134 263 266 264 34 247 797 267 6038 807 262 [eos]
1500 110 550 210 270 878	[bos] 1500 110 1006 550 210 270 [eos]
585 7924 11473 689 420 24854 12111 4196 205 951 14612 3799 571 1793 606 2312 13435 2458 1299 7388 26219 921 301 5463 6968	[bos] 585 2164 4380 689 420 2170 689 14612 7167 14612 3799 571 1793 606 2312 1114 2983 8461 1114 8765
661 920 190 292 663 647 887 1656 614 646 237 1606 916 1617 1608 8 181 1653 890	[bos] 661 190 860 292 663 3052 8 647 2265 890 887 2996 2512 390 646 237 [eos]
25959 3519 133 24853 694 4434 26070	[bos] 25959 3519 133 24853 694 26070 [eos]
255 525 92 134 263 266 395 264 34 247 267 262 265 20 303 9	[bos] 255 92 134 263 266 395 264 34 247 262 265 20 303 9 4556 267 [eos]
113 97 148 311	[bos] 113 97 148 [eos]
46 44 42 43 235 27251 45 95 26568 234	[bos] 115 73 116 74 70 235 71 27251 26568 72 234 [eos]
13184 7772 34819 11641	[bos] 13184 7437 6506 18651 61 59 [eos]
6303 714 696 38	[bos] 28916 714 11144 11415 [eos]
157 156 154 159 218 219 354 158 155	[bos] 157 156 219 154 159 218 158 155 [eos]
4513 196 881 884 781 33019 1320 2330 2514 578 783 882 8120 565 774 1263 885 620 507 2795 776	[bos] 4513 196 1788 881 884 781 33019 2330 2514 578 783 882 8120 565 774 1263 885 620 507 2795
1450 7720 986 63 477	[bos] 1450 14 63 477 [eos]
574 46 44 42 43 204 16637 575 45 17227	[bos] 73 74 16637 70 71 15387 72 234 193 235 [eos]
574 46 44 42 43 575 15502 45 95 16627	[bos] 115 73 116 74 70 235 71 15502 16627 72 234 [eos]
98 393 5 2794 2393 2007 1400 205 186 6485 1647 1969 475 2547 2792	[bos] 98 393 5 2794 2393 2007 1400 205 186 1647 7225 1969 475 2547 2792 [eos]
35 903 1010 1 18334 442 2 211 5327 0 19 12521 369 45764	[bos] 21 6026 16316 1 866 27 28 26 73 0 19 8247 2 30 3 2215 [eos]
146 4 226 1762 1157 7510 16705 75 3 4794 9 57 6 66	[bos] 146 4 1 226 4231 2 7937 47453 1 226 4231 2 132 13633 266 0 5210 13633 5210 21390
90 227 1150 8 19922 17	[bos] 223 227 5 3106 1372 2700 3380 860 181 5275 237 536 33 [eos]
29843 10 537 33314	[bos] 536 229 138 45455 [eos]
46 26 44 42 43 42193 682 45 104 27 28 16389 204	[bos] 41368 193 71 27 28 26 73 16389 74 70 682 50 72 [eos]
1030 716 2236 3574 1970 4983	[bos] 1030 716 2236 536 1970 33 30 1393 197 31 5890 7447 [eos]
892 53696 601 8441 561 125 827 11150 611 211 408 14 4337 6391 585 82 48339 553 3841 1043 829 813 53610 828	[bos] 408 17089 601 8441 561 125 827 611 211 408 14 4337 6391 585 82 6391 82 3040 3841 1043
46 44 42 43 613 45 95 27 28 26 12289 50 16111	[bos] 115 116 74 70 613 71 27 28 26 73 806 50 26398 72 [eos]
288 35304 4844 20609 9 26299 25721	[bos] 288 1 2625 2 1097 138 1 [eos]
157 156 354 154 159 158 155	[bos] 157 156 154 159 158 155 [eos]
2020 189 2 0 1 4678 7 89	[bos] 2020 29 150 89 96 0 189 92 1 4678 [eos]
90 609 9462 400 178	[bos] 10 9462 212 384 17 8 39 [eos]
2565 99 688 1624	[bos] 2565 99 1624 [eos]
5 1560 4815 1553 8403 23 673 873 779 49472 41 40 11258 949 4843 94 50069	[bos] 34114 11428 11833 4226 878 2196 96 [eos]
34635 7262 3547 366 18034 24420 24923 3951	[bos] 34635 7262 3547 121 18034 24420 24923 3951 [eos]
10017 295 57 105 66 75	[bos] 10017 2 105 0 1 295 [eos]
574 46 44 42 43 45 95 16653 16639 575	[bos] 115 73 116 74 70 235 71 16639 16653 72 234 [eos]
33299 16 20622 45438 4 39607 3 9 30410 11 2822 1819 52312	[bos] 33299 16 20622 20622 4 1502 39607 3 9 30410 11 2822 1819 52312 [eos]
3569 1417 29 1453 150 33686 10035 0 35023 36238 35 6177	[bos] 3569 6177 1417 1453 150 33686 10035 0 36238 29 2048 35171 [eos]
26 44 42 204 41426 45 104 27 28 16682 46 43 372	[bos] 16682 42347 372 74 70 193 71 27 28 26 73 50 72 [eos]
642 12	[bos] 642 100 3226 10 175 [eos]
454 90 1574 625 32 1581 1404 1002 8 437 396 178 1172 1576 853 216 25 284 1585 1333 639 1596 450 1080 368 276 452 17	[bos] 454 615 1574 190 625 1581 1404 1002 8 396 178 1172 452 1576 853 10 90 216 284 1585
21400 1525 201 5808	[bos] 1525 5808 207 21400 [eos]
392 769 11104 10790 39 15 19833 11106	[bos] 10887 19833 39 15 392 10839 10838 769 [eos]
237 223 227 268 7780 536 8 22866	[bos] 237 223 227 268 7780 536 6970 6970 23415 1506 [eos]
793 794 778 5 721 668 1744 563	[bos] 793 794 778 721 668 1738 563 [eos]
165 1840 381 722 63 1668 15828 21422	[bos] 407 165 1840 55733 [eos]
11567 277 1 2 0 7 15	[bos] 11567 92 1 29 8512 150 0 [eos]
14655 1 2 11 705 0 19 43804 687 9 38 4423 330 55211 417 21820 17038	[bos] 17360 1 19 13366 417 2 54394 11 705 47314 18953 0 687 9 38 4423 330 [eos]
21400 201 12801 1051 18942	[bos] 1064 36021 18942 207 21400 [eos]
100 390 3040 5 40 132 197 39 51 138 460 528 41 141	[bos] 3040 8137 5 40 181 51 305 100 2013 138 460 41 141 [eos]
29 3 150 10329 9887 87 96 0 9772 92 4 7200 1 68 550 6893 25631 22 47 6403 24567	[bos] 9772 3 2 10329 9887 7 87 96 0 4 7200 1 68 550 6893 25631 22 47 6403 24567
46 26 44 42 43 414 45 95 24674 50 27 28 26085	[bos] 115 116 74 71 24674 27 26 73 414 70 50 72 28 26085 [eos]
1143 90 216 228 368 62	[bos] 1143 90 534 228 542 368 62 216 5 [eos]
4 1 464 42054 57535 2 14 6 42884 49013 3 5493 58244 44064 7 25657 0 17919	[bos] 4 1 4920 1314 3 2 4401 14 6 4401 4307 3136 4307 3136 138 0 3751 4377 7297 [eos]
17975 926 19623	[bos] 45862 49783 17975 43416 55071 926 52302 48527 19623 49843 45796 [eos]
2215 1 29 37 23 707 1493 5 768 933 40 2 898 41 141 0 17	[bos] 1 37 2 23 707 5 768 924 29 933 40 41 141 0 17 [eos]
41532 46 26 44 42 43 15700 275 45 95 104 27 28	[bos] 115 116 74 70 275 41238 27 28 26 73 15700 71 50 72 [eos]
18153 56068 25682 7579 1856 4481 955 18675 21264 52581 19792 19616 26869 44441 39368 46508 24196 20570 44651 18936 18738 44052 56404 856	[bos] 19042 45581 24632 19175 24533 [eos]
392 1155 736 963 5512 1755	[bos] 392 1155 736 963 5732 1755 [eos]
46 26 44 42 43 632 328 26951 50 27 28 45 25400	[bos] 74 70 71 25400 26951 27 28 26 73 193 632 50 72 [eos]
46 26 44 42 613 45 95 11300 50 27 28 43 15379	[bos] 115 116 15379 74 70 613 71 11300 27 28 26 73 50 72 [eos]
3953 22916 27572 241 41816 22646 3196 27808 3072 1326	[bos] 42358 5073 74 70 71 16985 27 28 26 73 2215 7835 [eos]
10930 801 6714 819 32 25 867 8 978 1534 7143 818 8752 17 3268	[bos] 4085 275 27 28 26 73 223 10351 867 8 9493 [eos]
223 227 5 1361 40 8 41 197 23	[bos] 227 5 40 160 8 41 168 223 197 23 [eos]
504 457 839 3853 230 5 5648 1645 2316 31 254 6739 1329 1652 258 2798 33 6099 30 1394	[bos] 839 458 852 1536 644 254 6099 706 258 230 12427 13318 [eos]
46 26 44 42 204 16597 42359 45 104 27 28 43 372	[bos] 42053 372 74 70 193 27 28 26 73 16597 71 50 72 [eos]
928 135 7787 63	[bos] 928 135 63 [eos]
183 8850 53241 4115 5104 46644 505 492 49633 1959 54213 93 51778 1504	[bos] 657 5063 21204 5063 92 5063 3964 15220 5515 0 1959 [eos]
60719 923 45900 7379 12	[bos] 20236 55733 60489 213 12 8734 27866 58141 [eos]
23695 99 688 106 314	[bos] 23695 99 106 314 [eos]
42087 26 44 42 43 204 11153 45 104 27 28 46 15233	[bos] 15233 74 193 71 40874 27 28 26 73 11153 70 50 72 [eos]
10735 2619 1372 2122 5464 260 313 5601 382 494 540	[bos] 2122 260 313 5611 382 3685 5681 13224 [eos]
1 19 3633 4464 1325 2 1635 0 2066 1503 101	[bos] 1 19 3633 4464 2 1635 1311 0 2066 1503 101 [eos]
661 190 5 4182 6825 292 132 663 8 647 7113 2512 390 646 237	[bos] 661 920 190 292 663 647 614 646 237 1606 916 1617 1608 8 181 [eos]
2674 1942 2809 1610 1687	[bos] 1942 17420 2809 1610 1687 [eos]
574 46 44 43 575 45 95 15213 16566 42	[bos] 115 73 116 16566 74 70 235 71 15900 27 28 26 73 [eos]
585 1978 23841 2781 26197 2343	[bos] 585 1978 34 45624 1 60162 2 0 [eos]
1450 7720 63 477	[bos] 1450 63 477 [eos]
19195 4189 14321 35374 33116	[bos] 28052 44643 44643 44643 44643 44643 44643 44643 44643 44643 44643 44643 44643 44643 44643 44643 44643 44643 44643 44643
55204 252 52 2 18 59994 81 1 80 0 13	[bos] 124 61 59 2 18 60 24442 60 60433 58141 302 13 [eos]
585 553 226 3587 5830 12	[bos] 585 553 1452 226 3587 333 5830 12 [eos]
1298 1752 15095	[bos] 1298 1752 142 964 15095 2159 [eos]
157 156 154 159 218 219 354 158 155	[bos] 157 156 219 154 159 218 158 155 [eos]
3425 1683 4 68 24 3 5307 3778 3363 3399 58 96 9 5082 54 878 5276	[bos] 3425 1683 4 68 24 5307 3778 3363 3399 58 96 3 1006 9 5082 54 96 [eos]
5029 5843 406 190 625 413 411 376 409 1262 8 437 5947 5801 412	[bos] 5843 406 190 625 413 411 376 409 2215 29 437 2215 443 406 190 134 440 29 413 411
1107 579 286 302 513 693 40162 309 39713 269	[bos] 579 286 302 513 2649 693 40162 309 39713 269 [eos]
793 794 778 5 721 668 1744 563	[bos] 793 794 778 721 668 1738 563 [eos]
126 13282 220 188	[bos] 13282 188 2177 7754 [eos]
6000 2689 5878 230 4758 6052 5948 94 6063 5820 5901 457 3367 6092 5924 6119 6002 5652 6053 5874 5976 6048 5849 6041 13433 6120 6057 12 5859	[bos] 6000 90 2639 3045 292 3041 197 8 541 141 17 688 1315 970 23006 1315 970 37 1365 920
457 5644 230 5480 6022 1652 861 1645 1102 94 254 5956 1329	[bos] 458 230 2111 2110 5480 5956 861 6022 5576 94 254 1295 2106 [eos]
4587 5185 3467 37954 7391 7223 241 12593 3196 1326	[bos] 5325 961 581 2278 4010 2897 241 4562 2667 14341 [eos]
167 176 202 3854	[bos] 1476 5387 167 202 [eos]
5039 4966 2438 5015 3457 4870 2437 5025 3438 4853 4892 3431 3433 2456	[bos] 3431 13510 2438 5000 4979 5056 5053 2437 4960 3438 3433 2456 4985 3457 [eos]
20 4 68 253 194 58 87 3 188 1783 679 22	[bos] 20 4 68 253 2837 194 58 87 3 188 679 22 [eos]
83 1 29 11923 150 7244 2861 1543 7380 2709 92 0 11453	[bos] 83 2709 1 11923 7244 2 2861 7 1543 7380 0 11453 [eos]
1654 135 63 6042	[bos] 1654 135 63 [eos]
848 212 1519 141	[bos] 212 1519 141 [eos]
1 52 48 2 18 51666 48886 55283 56550 54009 0 13	[bos] 69 1 61 59 48 2 18 51666 60 48886 55283 54009 0 13 [eos]
6863 6312 6313 6316 6317 6319 6323 6295 6294 6298 5858 5862 6848 5852 6290 332 331 5870 13327 6325	[bos] 6863 6312 6313 6316 6317 6319 6323 6295 6294 6298 5858 5862 6848 5852 6290 13048 332 14431 331 5870
1494 10 1550 413 411 412 409 444 8 86 384 1079 1700 17 615 1082 443 406 190 440	[bos] 1494 1082 10 1550 413 411 412 409 444 8 384 1079 1700 17 443 406 190 440 437 86
2392 5951 2369 1336 4154 1352 2380 1339 1337 1343 2375 1332 1334 1354	[bos] 2392 5951 2369 1336 4154 1352 2380 4095 1339 1337 1343 2375 1332 1334 1354 [eos]
42597 46 26 44 42 43 682 45 104 27 28 15859 204	[bos] 193 71 42501 27 28 26 73 74 15859 70 682 50 72 [eos]
46 26 44 42 43 414 27288 45 95 25296 50 27 28	[bos] 115 116 74 71 26472 26276 27 28 26 73 414 70 50 72 [eos]
20152 19122 37580 20891 8 2844 15746 15765 10 18905 37 19401 16507 19691 18029 12662 15644 479 17	[bos] 4030 35936 55887 31 33 30 6319 30 1 30 2 10 30 3373 534 228 542 71 62 [eos]
13597 57113 3943 1766 53734 7115 1791	[bos] 48626 415 24476 97 [eos]
2303 1314 2590 770 1971 79 2592 2595 2058 319 1984 86 2586 320 2608 1727 1081 2599	[bos] 2303 1314 770 1971 79 2592 2595 2058 319 1984 86 2586 320 2608 1727 304 2590 1081 2599 [eos]
1158 1691 3488 1692 237	[bos] 1158 1691 3538 1692 237 [eos]
3156 3411 3978 2736 53 957 3408 962 5 4181 2735	[bos] 22083 1565 945 532 1579 1180 227 53 957 4164 5 [eos]
27439 99 1436 1437 14	[bos] 99 14 [eos]
17907 33081 2293 28769 1731 37948 2663 33584 29890 38004 28949 34134 33068	[bos] 17907 1317 38004 26399 13904 38457 1315 9358 26399 9358 26399 9358 26399 13904 9358 [eos]
165 533 603 63 57834	[bos] 407 165 533 603 [eos]
24 2616 9989 16513 1067 10237 4188	[bos] 24 2352 3012 3012 10887 3012 33091 2 37819 [eos]
90 609 9462 400 178	[bos] 10 9462 212 384 17 8 39 [eos]
1683 108 96 12	[bos] 550 14 96 12 [eos]
4513 196 881 884 781 33019 1320 2330 2514 578 783 882 8120 565 774 1263 885 620 507 2795 776	[bos] 4513 196 1788 881 884 781 33019 2330 2514 578 783 882 8120 565 774 1263 885 620 507 2795
81 44505 252 52 2 18 55488 1 80 0 13	[bos] 81 69 58644 124 61 59 2 18 4 1 80 0 13 [eos]
3452 2100 2160 1 19 5933 8779 2672 0 2 5453	[bos] 2100 2160 1 19 5933 4464 3360 2672 0 2 5453 [eos]
577 4 576 1 19 49098 61 3 43228 2 47749 792 0 53750 50068 56 1382 42982 59 6 60	[bos] 4 4232 266 264 34 247 3 267 262 134 5063 92 0 [eos]
323 5259 5252 315 1374 5157	[bos] 323 5259 76 5252 5157 5252 5157 [eos]
10 9462 212 384 17 8 39	[bos] 90 609 9462 400 178 [eos]
25961 603 63 13718 165 57392 533	[bos] 533 603 63 13718 165 [eos]
102 10 168 216 411 444 164 31 86 33 51 684 30 615 100 443 406 190 134 440 29 413 291 412 409 160 8 560 788	[bos] 102 100 10 168 216 411 444 164 31 33 51 684 30 443 406 190 134 440 29 413
391 22877 3508 388 5017	[bos] 391 22573 3508 388 5017 [eos]
3417 21092 4 68 36265 3 22 20599 20221 58 87 91	[bos] 21092 4 68 923 3 22 20599 20221 58 87 356 91 [eos]
2486 109 1677	[bos] 5337 2486 109 335 1677 [eos]
454 615 1574 190 625 1581 1404 1002 8 396 178 1172 452 1576 853 10 90 216 284 1585 1333 639 1596 450 1080 368 276	[bos] 454 90 1574 625 32 1581 1404 1002 8 437 396 178 1172 1576 853 216 25 284 1585 1333
157 156 154 159 218 219 354 158 155	[bos] 157 156 219 154 159 218 158 155 [eos]
2569 26498 33764 6305 3407 27779 8311 12 7694 7681	[bos] 16 2569 26498 33764 6305 3407 662 3407 8311 12 7694 12 7694 7681 [eos]
42201 5557 29341 96	[bos] 42363 4 1317 3 96 [eos]
165 533 603 63	[bos] 407 165 533 603 [eos]
848 212 1519 141	[bos] 212 1519 141 [eos]
5841 1587 6817 32 25 37 5869 2805 3400 19563 1165 13481 8 1167	[bos] 5841 2359 6817 2348 32 25 2805 21371 2805 3400 19563 [eos]
2663 27747 12	[bos] 28493 16 28415 4301 3442 8586 28412 12 28473 [eos]
18968 7673 7285 442 58983 16621 19400 18350 20057 12873 18891 6604 18701	[bos] 18968 16858 1 7673 7285 442 20057 2 19400 18350 12089 12873 18891 6604 18701 11039 16621 0 20057 [eos]
988 165 23454 533 19347 603 63	[bos] 407 988 165 533 603 [eos]
31276 4 206 2554 3 273 3938 103	[bos] 4 8514 [eos]
2013 32 25 319 386 8 335 305 141 17 167 203 350 176 212 320 541	[bos] 390 848 32 319 791 775 320 17 167 203 5 25 350 132 176 212 197 386 8 39
4 79 1283 387 21 2214 1535 2083 312 6 786 551 531 35 2970 1830 56 1632 3 441 514 349 321 317 1713 221 1499 515	[bos] 4 79 21 2214 1535 2237 2083 312 786 551 531 35 1830 56 1632 7089 387 3 441 514
13062 373 99 112 13540 77 3103 353 14643 250 429 15542 519 416	[bos] 2164 4380 4210 18437 3497 33093 34109 34109 34109 34109 5816 13633 519 0 2591 [eos]
21220 20864 20 1876 20333 53092 687 2628 18479 43125 20528 2351 417 1409 15053 5646 3896 140	[bos] 20528 20864 20 12967 20333 2810 2628 15053 18479 18479 20528 1512 2233 20 15053 15053 20528 15053 15053 20528
157 156 154 159 218 219 354 158 155	[bos] 157 156 219 154 159 218 158 155 [eos]
31716 33589 710 810 808 37208 1353 39744 1098 1099 33 35085 587 2813 30 2831 809 704 1351 31 1100 640 39206 435 671 2827	[bos] 710 810 808 1353 4450 1099 33 12460 587 2813 2831 809 704 27790 31 33 12460 30 2831 809
924 1372 536 260 563 2508	[bos] 536 3479 2508 3540 [eos]
1286 59679 76 109 1287 1741 1288 179	[bos] 1286 59679 1189 109 1287 1741 1288 179 [eos]
201 19255 12953 1757	[bos] 207 19255 12953 1757 [eos]
24145 8333 35815	[bos] 1040 1117 703 5 1565 945 532 1579 1180 556 1575 744 1589 1047 53 [eos]
1324 3562 10029 349 1541 10056 3035 128 91	[bos] 10231 1324 3562 10029 349 1541 3035 128 91 [eos]
41798 374 8118 40954 17 8871 42126	[bos] 16155 10 10013 8118 17 [eos]
10743 9594 35 2097 32 33004 21192 1360 14262 37 35542 18811 153 39 21338 8309	[bos] 7369 5951 133 2871 32 2215 29 1360 129 90 848 32 3050 25 3488 18651 179 [eos]
2616 9989 16513 10237 4188	[bos] 2 11327 0 133 2697 [eos]
6696 4543	[bos] 11508 9 4543 4543 41578 2 5443 11508 9 6696 42011 0 1 5534 [eos]
165 1681 63	[bos] 407 973 165 52101 [eos]
67 93 24153 4386	[bos] 67 93 23413 4058 [eos]
928 7787 63 477	[bos] 928 63 477 [eos]
46 26 44 42 43 806 328 15567 45 12283 50 27 28	[bos] 74 193 71 25492 27 28 26 73 806 70 50 72 28 42301 [eos]
2160 2417 1 19 2 0 11133 3452	[bos] 11133 2100 2160 2417 1 19 3360 2 0 [eos]
1143 90 534 228 542 8426 368 62 216 5	[bos] 90 534 228 542 368 62 3883 1143 216 5 [eos]
157 156 154 159 218 219 354 158 155	[bos] 157 156 219 154 159 218 158 155 [eos]
57093 5 8403 949 23 673 94 7516 41 50010 1560 4815 18869 55 40 11258 35416 132 1553 3680 873	[bos] 2 13474 1 134 1317 56 390 2336 132 94 7 791 775 138 0 2 18328 [eos]
83 13496 1 19 4152 5589 2 0	[bos] 83 13496 1 19 5589 150 17610 0 [eos]
46 26 44 42 43 17293 518 45 41215 95 104 27 28	[bos] 116 70 518 71 27 28 42474 115 26 73 74 5933 16887 50 72 [eos]
1905 57 605 66 75	[bos] 1 19 1905 2 0 13 [eos]
33934 8926 1451 57 2249 66 429 75 199 5423 16093 11683	[bos] 4059 4059 6861 34116 6134 2404 429 0 1 34116 6562 14604 [eos]
46 26 44 43 41921 45 104 27 28 16922 42 3822 95	[bos] 115 16922 116 74 70 71 27 28 26 73 50 72 28 42301 [eos]
53328 438 41084 1 405 42448 46363 6 0 4 1328 19 675 3 53250 2 389	[bos] 2215 438 59675 1 3831 3813 2625 4 1328 19 675 1033 405 3 3837 2 389 0 3 3837
4 36715 3 103 7103	[bos] 36715 8514 [eos]
23439 73 74 70 23346 71 72 234 193 235	[bos] 485 488 486 484 25877 1366 25441 1369 487 2269 [eos]
390 848 32 319 791 775 320 17 167 203 5 25 350 132 176 212 197 386 8 39 528 141	[bos] 2013 32 25 319 386 8 335 305 141 17 167 203 350 176 212 320 541 [eos]
27708 209 208 285 15	[bos] 209 208 285 15 [eos]
113 97 148 311	[bos] 113 97 148 [eos]
19533 14157 16905 9937 9837 4219 1467 16267	[bos] 83 14157 20467 16905 9 9837 41394 41394 23620 1467 123 13787 2869 4219 [eos]
18968 7673 7285 442 16621 19400 18350 49122 20057 12873 18891 6604 18701	[bos] 18968 16858 1 7673 7285 442 2 19400 18350 12089 12873 18891 6604 18701 11039 16621 0 20057 [eos]
2307 40739 149 150 2 173 8013 7 0 1 123	[bos] 2307 8943 77 124 61 59 2 173 7 0 13 [eos]
81 47574 252 52 2 18 58121 1 80 0 13	[bos] 81 69 1 124 61 59 2 18 5063 60 1 80 0 13 [eos]
32598 10 5019 703 5 3861 1712 4958 1116 744 1799 4109 2248 2262 435 3163 2242 915 2256 736 1758 1626 53 4957 532	[bos] 2 47 7 0 1 5534 [eos]
113 97 148 311	[bos] 113 97 148 [eos]
24145 8333 35815	[bos] 1040 1117 703 5 1565 945 532 1579 1180 556 1575 744 1589 1047 53 [eos]
92 1 29 150 2918 47 0	[bos] 1 47 7 0 2 2918 [eos]
31372 131 27621 192 39492	[bos] 4030 233 35936 55887 31 33 30 [eos]
46 26 44 42 43 328 45 24307 50 27 28 632 25825	[bos] 74 70 71 24307 27 28 26 73 193 632 50 72 26 73 [eos]
46 26 44 42 43 27014 414 45 95 27 28 24267 50	[bos] 115 116 41103 74 71 16467 27 28 26 73 414 70 50 72 [eos]
8621 5277 8539 5254 46547 3800 5161 3839 8535 3821 8209 8583 8117 5291 3498 8163 8543	[bos] 5254 8057 3800 5161 3839 3821 8094 8322 8404 5277 5291 3498 18877 3498 [eos]
25629 7211 10 6892 10242 8187 34 9790 11614 3035 128 91 5478 660 856 14 3537 9865	[bos] 7211 10 6892 10242 8187 30102 26007 9790 11614 3035 128 91 5478 660 856 14 3537 9865 [eos]
1 52 48 18 58001 48109 2 50276 0 13	[bos] 69 1 61 59 48 18 44178 60 2 49491 26969 0 13 [eos]
83 2421 833	[bos] 83 142 964 2421 833 2159 [eos]
5953 457 230 1102 5802 254 1307 258	[bos] 5953 458 230 1536 5802 254 1295 258 [eos]
2119 5 197 498 570 138 528 167 203 132 176 181 39	[bos] 1458 237 176 181 498 570 305 1078 138 167 203 [eos]
4 113 1342 3 2659 11 1854 103	[bos] 16 4 1342 3 2659 11 1854 103 [eos]
81 43043 252 52 2 18 49420 1 80 0 13	[bos] 81 5063 69 124 61 59 267 124 9867 9867 5891 2 18 36308 14656 60 1 80 0 13
4 8748 1316 45702 2405 4704 2631 4426 3 6 5462	[bos] 4 1316 5850 10553 2411 4722 5871 6 2631 4426 3 [eos]
1615 641 1 1933 5081 1546 2 1267 652 1619 7022 1452 214 19 6089 0 10952	[bos] 1615 1452 641 1 1933 5081 9867 1546 5891 2 1267 163 1619 0 214 19 6089 [eos]
255 525 92 134 263 266 264 34 247 267 807 262 265 20 303 9 797	[bos] 255 92 134 263 266 264 34 247 267 6121 807 262 265 20 303 9 797 [eos]
113 97 148 311	[bos] 113 97 148 [eos]
23105 4321 3357 1325	[bos] 15665 688 176 181 498 570 305 1078 138 167 203 [eos]
1125 1 150 3952 5484 0 10647 3132 1638 92 2650 29 10575	[bos] 1125 1 3952 2 5484 7 0 41217 3132 2 3132 1638 3132 [eos]
113 97 148 311	[bos] 113 97 148 [eos]
26195 8917 5725 3535 3641 5653 3085 4088 4700 2148 7534 7542	[bos] 3042 5604 1317 1012 14604 34 2663 14604 14604 807 262 3431 [eos]
2215 29 37 898 707 33 1493 17 5 768 933 40 31 23 41 30 141	[bos] 90 400 40 37 707 33 178 17 5 768 924 29 2022 31 23 41 30 141 [eos]
5631 4732 14417 7454	[bos] 14417 3193 3504 7537 [eos]
98 100 393 196 2042 21938 56170 19696 23 51 186 136 2899 475 22172 6575 2717 2276	[bos] 98 100 393 196 2042 21938 19696 23 51 186 2899 475 22172 6575 2717 2276 44746 136 [eos]
10817 107 35 1 830 130 2 47 0 99 19	[bos] 10817 107 35 1 830 130 2 2500 47 0 99 19 [eos]
46 26 44 42 43 42190 275 45 95 16780 104 27 28	[bos] 115 116 42062 74 70 71 275 16780 27 28 26 73 50 72 [eos]
1 536 1676 2 197 4071 1493 138 0 1393	[bos] 875 176 305 138 167 203 1678 181 [eos]
21575 6384 1 17465 1814 18735 7 1800 2 8829 0 27848	[bos] 6384 1 18735 7 0 2 8829 [eos]
5087 5184 5246 34 6978 5191 856 3537 10506	[bos] 5087 5184 5246 11390 10724 6978 5191 3537 856 [eos]
52612 41760 30065 9579	[bos] 32775 32775 40378 31519 [eos]
8917 5725 3535 5653 3085 4063 4700 2148 7534 7542 3641 4883	[bos] 9765 1012 4848 1756 5515 266 264 34 1461 34 1461 1461 4210 [eos]
2012 2279 2273 3344 337 2267 889 205 951 2241 5108 3531 3930 67 8579 667 665 221 616 2266	[bos] 2012 2279 2273 3344 337 1114 1166 2267 889 205 2241 2266 5108 3531 3930 67 8579 667 665 221
3786 6533 28426 4223 5791 1477 35332	[bos] 3786 6134 5763 2404 34116 6562 34116 6562 27515 [eos]
46 26 44 42 204 42143 45 3393 104 27 28 43 17112	[bos] 41201 17112 74 70 193 71 3393 27 28 26 73 50 72 [eos]
26 44 42 43 632 328 45 27 28 26168 46 27252 50	[bos] 264 34 247 267 262 134 22267 [eos]
38294 32138 881 884 34724 882 781 3390 33628 776 1320 2330 2514 30157 578 783 774 1263 885 38669 35298 620 507	[bos] 38294 34724 1788 881 884 34724 882 781 3390 34724 235 16316 8675 34724 5067 4 774 1263 885 38669
615 190 1 212 2 7 141 0	[bos] 190 212 31 39 437 7 141 [eos]
374 8118 55 8871 17	[bos] 10013 8118 55 17 62 [eos]
55 39 24357 17	[bos] 25 6569 215 55 24357 17 8 153 39 [eos]
83 13496 1 19 4152 5589 2 0	[bos] 83 13496 1 19 5589 150 17610 0 [eos]
9485 550 4944 7757 15106 96	[bos] 9485 550 176 181 47793 61 59 [eos]
12775 12776 962 13243 13248 13214 13219 13228 53 957 12929 12918 12923 12912 12914 12905 12909 5 4181	[bos] 42011 48864 5 41437 52946 41437 52946 962 52946 [eos]
157 156 154 159 218 219 354 158 155	[bos] 157 156 219 154 159 218 158 155 [eos]
5182 1 1424 1137 4667 2213 2714 4118 2112 2051 0 19 5294 2 2286 2765	[bos] 5182 1 1424 1137 2213 2714 4118 2112 2051 0 19 5294 4667 150 2286 2765 [eos]
4656 54673 7096 26135 18399 5713 38 15 45595	[bos] 987 21204 7659 7659 7659 7659 7659 7659 7659 16405 7659 16405 7659 16405 40678 [eos]
1494 1082 10 1550 413 411 412 409 444 11603 8 384 1079 17 443 406 190 440 437 86	[bos] 1494 10 1550 413 411 412 409 444 8 86 384 1079 1700 17 615 1082 443 406 190 440
2414 168 1787 182 160 3133 6591 6440 4129 4089 1837 4197	[bos] 168 1787 182 160 3133 6591 6440 4129 4089 1837 4197 [eos]
930 981 718 39 3653 1142 1130 23690 1027 1378 199 717 3980 23	[bos] 3642 656 423 930 981 718 39 1142 1130 23690 1027 1378 199 717 3980 23 [eos]
46 26 44 43 41397 275 45 95 104 27 28 42 16021	[bos] 115 116 41662 16021 74 70 71 275 27 28 26 73 50 72 [eos]
661 920 2013 190 292 663 647 887 1656 646 237 1606 916 1617 1608 8 181 1653 890	[bos] 661 190 860 292 663 3052 8 647 2265 890 887 2996 2512 390 646 237 [eos]
201 2804 33129 825 2387 700	[bos] 207 2804 9493 825 2387 700 [eos]
295 336 15852 18408 106 421 1435	[bos] 295 336 106 421 1435 18408 14387 [eos]
46 26 44 42 43 15776 275 45 104 27 28 95 41665	[bos] 115 116 74 70 275 27 26 73 15776 71 50 72 28 42301 [eos]
1554 4 113 1342 3 11 1854 103	[bos] 16 1554 4 1342 3 11 1854 103 [eos]
2259 5624	[bos] 2259 5668 5559 5622 5577 [eos]
1736 1557 181 138 2643	[bos] 2700 3380 860 181 5275 237 2746 138 [eos]
2243 498 138 181 5468	[bos] 1458 237 176 181 498 570 305 1078 138 167 203 [eos]
390 848 32 319 791 775 320 17 167 203 5 25 350 132 176 212 197 386 8 39 528 141	[bos] 2013 32 25 319 386 8 335 305 141 17 167 203 350 176 212 320 541 [eos]
32 25 5952 8 541 138 17	[bos] 14261 32 25 132 5952 8 791 775 138 17 [eos]
1286 1 117 151 202 897 1287 2395 163 1288 179 0	[bos] 1286 1 117 151 2 3185 1287 2395 163 1288 0 179 [eos]
33934 47747 8926 5423 1451 2249 66 429 75 48028 226 57 4231 16093 11683	[bos] 4059 5277 266 264 34 70 264 34 2013 303 267 262 3229 191 2 [eos]
327 694 2338	[bos] 4 206 3059 3 11 54 [eos]
3786 6533 4223 5791 1477 1771 35332	[bos] 3786 6134 2404 1493 61 59 2 [eos]
848 212 1519 141	[bos] 212 1519 141 [eos]
81 124 52 2 18 57009 51243 1 80 0 13	[bos] 81 69 124 61 59 2 18 58817 49007 51396 60 1 80 0 13 [eos]
1 101 2 9453 89 0	[bos] 1 101 2 1097 138 [eos]
57315 9699 6599 6922 12	[bos] 6319 2 534 90 3017 337 47 12 0 [eos]
46 26 44 42 43 16798 45 95 104 27 28 42554 275	[bos] 115 42511 116 74 70 275 27 28 26 73 16798 71 50 72 [eos]
46 44 41236 42 43 204 12146 45 104 27 28 16623 26	[bos] 74 71 27 28 16623 26 73 70 12146 41014 193 50 72 [eos]
1570 57392 25961 63 13718 165	[bos] 1570 63 13718 165 [eos]
2322 7102 5 5908 1553 949 673 873 779 51173 1855 47622 1834 17704 5028	[bos] 1818 7102 5 5908 949 1551 673 873 779 51173 1855 1637 2 5011 17657 [eos]
46 26 44 42 43 23767 632 328 45 23481 50 27 28	[bos] 74 70 71 23481 27 28 26 73 193 632 23767 50 72 [eos]
574 46 44 42 43 16755 575 45 95 16673	[bos] 115 73 116 17037 74 70 235 71 16998 72 234 [eos]
12031 3802 2462 15 66 13779 38 57 88 75	[bos] 1 38 2462 15 3802 [eos]
2215 1 29 37 23 707 1493 5 768 933 40 2 898 41 141 0 17	[bos] 1 37 2 23 707 5 768 924 29 933 40 41 141 0 17 [eos]
12037 11175 11503 22699 3341	[bos] 22497 12037 4021 387 34 21299 [eos]
26 44 42 43 41992 275 45 95 104 27 28 46 15920	[bos] 115 15920 116 41348 74 70 71 275 27 28 26 73 50 72 [eos]
46 26 42 43 40857 275 45 95 104 27 28 44 17232	[bos] 115 41209 74 70 71 275 27 28 26 73 116 17232 50 72 [eos]
1905 57 605 66 75	[bos] 1 19 1905 2 0 13 [eos]
572 43527 1059 3414 9428 11771 5452 16634 333 583 8503 2422 1592 4284 3523 9 1637 5414 1044 6800 4358	[bos] 572 5292 1059 3414 9428 11771 11771 11771 11771 11771 11771 26861 11771 4284 26861 26861 16634 1637 8503 8503
15575 3477 2903 2803 9590 1902 4884 3886 6300 4389 4424 16784 2390 334	[bos] 15575 3477 2903 2803 1902 4884 3886 4389 4424 16784 2390 334 6300 3093 [eos]
286 38690 4123 1405 269 1408 16752 9 448	[bos] 286 266 264 34 247 303 267 262 134 [eos]
1143 90 534 228 542 368 62 216 5	[bos] 1143 90 216 228 368 62 [eos]
35 1417 99 688 1453 3335 56195	[bos] 35 1417 99 1453 3335 4397 3335 [eos]
102 60728 10 48122 79 291 195 38 12699 19385 5070 15672 62 765 54238 1011 46300 52038 696 78 8 17014 11 14370	[bos] 102 2164 4380 4210 18437 79 34109 684 30 15458 79 267 1456 3012 2164 3012 2164 3012 1011 1781
10730 7047 57 26626 66 75 18517 1486	[bos] 10730 1 2 5196 7 41372 523 0 [eos]
8621 5277 8539 5254 3800 5161 8535 3821 8209 8583 8117 5291 3498 8163 8543 51499 3839	[bos] 5254 8057 3800 5161 3821 8094 8322 8404 5277 5291 3498 [eos]
46 26 44 42 43 15636 45 41423 104 27 28 3822 95	[bos] 115 116 74 70 71 15636 3822 41593 27 28 26 73 50 72 [eos]
81 252 52 2 18 47632 57761 1 80 0 13	[bos] 81 69 124 61 59 2 18 21204 151 2215 60 1 80 0 13 [eos]
907 63 278 3026	[bos] 907 63 278 [eos]
165 533 46305 603 63	[bos] 407 165 533 603 [eos]
11206 12353 20837 4441 3864 8158	[bos] 83 938 266 264 34 247 [eos]
24855 24094 23158 39823 3267 57 15102 605 10040 66 11076 43615 14795 2582 24956 23799 357 22670 22692 75	[bos] 24855 43615 11076 11076 264 34 267 6121 6121 262 0 533 [eos]
115 24162 73 116 26251 74 70 235 71 72 234	[bos] 1366 24162 485 26251 488 486 664 484 1369 487 [eos]
255 525 92 134 263 266 395 264 34 247 9 267 262 265 20	[bos] 255 13633 92 134 263 266 395 264 34 247 9 267 262 265 20 [eos]
590 451 14 34887	[bos] 15319 15319 36195 14 [eos]
46 26 44 42 43 613 15567 45 95 12283 50 27 28	[bos] 115 116 74 70 613 71 25492 27 28 26 73 50 72 [eos]
157 156 154 159 218 219 354 158 155	[bos] 157 156 219 154 159 218 158 155 [eos]
157 156 354 154 159 158 155	[bos] 157 156 154 159 158 155 [eos]
49044 5416 128	[bos] 49044 76 5416 128 [eos]
46 44 42 43 414 45 95 27 28 26 25425 50 24635	[bos] 115 116 74 71 27 28 26 73 25425 414 70 50 72 24635 [eos]
823 5380 202 88	[bos] 602 2164 176 181 [eos]
7044 9296 8 7064	[bos] 7044 8 7064 [eos]
5182 92 1 11953 1137 2213 12227 2286 2714 2861 4118 2112 2051 0 19 5294 29 1424 133 4667 150	[bos] 5182 1 11953 1137 4667 2213 12227 2714 2861 2112 2051 0 19 5294 1424 133 2 2286 4118 7
1997 2761 4214	[bos] 11036 304 3652 1997 39 3666 2761 1344 3614 [eos]
2324 430 10 48792 1515 274 54855 2950 62 293 465 2333 78 8 470 256	[bos] 2324 430 10 2333 1515 274 9765 2950 276 293 465 1515 284 8 470 256 [eos]
1279 177 2814 1633 21384 54650 325 105 2978	[bos] 1279 177 2814 1633 2976 105 21384 54650 325 [eos]
25572 9056 106 559 421 250 66 75 697 7986 2879 109 9 57 4862 2427	[bos] 4 2871 1458 237 3 176 181 1493 6335 163 6789 109 9 5443 559 264 34 105 [eos]
1 469 1020 459 2624 543 22 547 0 5068 22423 4 1593 523 18279 3 1697 2274 2 5084 1711 740 1338 14 10195 2145 19828	[bos] 1 1456 469 1020 994 459 543 2 22 547 0 4 1593 523 1593 3 1697 184 5404 859
157 156 354 154 159 158 155	[bos] 157 156 154 159 158 155 [eos]
81 47078 252 52 44824 2 18 1 80 0 13	[bos] 81 124 61 59 60162 2 18 60 1 80 49373 59 0 13 [eos]
2243 181 498 570 138	[bos] 1458 237 176 181 498 570 305 1078 138 167 203 [eos]
157 156 154 159 218 219 354 158 155	[bos] 157 156 219 154 159 218 158 155 [eos]
1253 852 230 644 706 1295 2311 1394 1985 2642 1199 458 832 94 254	[bos] 457 1253 832 852 230 1102 1871 706 2311 1394 2642 1199 504 94 254 [eos]
46 26 44 42 43 806 328 11442 45 27 28 50 17225	[bos] 74 193 71 11442 27 28 26 73 806 70 50 72 17225 [eos]
4018 455 1 33102 2 901 0 37550 1831	[bos] 4018 1 1468 917 2 173 1139 901 0 [eos]
6433 55 39 17	[bos] 25 215 55 17 6569 6433 8 153 39 [eos]
157 156 354 154 159 158 155	[bos] 157 156 154 159 158 155 [eos]
37513 8777 55 37 39	[bos] 24674 27 26 73 55 37 229 [eos]
16 1815 4301 17734 26677 8586 23710 24849 25713 26502 25304 4220 12	[bos] 20 17734 3082 26677 8586 24849 27414 25311 17045 74 70 71 3431 13510 2438 5000 4979 5056 5053 2437
10 5087 5246 34 6978 77 4193 5191 128 91 10506 5478 5184 38303 8416 856 14 3537 236	[bos] 10 5087 5246 11390 10724 6978 77 4193 5191 128 91 5478 5184 9825 9825 856 14 3537 236 [eos]
52827 1452 51882 54566 334 16229 23913 18943 666 25992 6806 366 22067 4691 11954 15789	[bos] 22133 22133 22133 22133 660 22133 22133 22133 11379 11379 22133 22133 11379 11379 11379 11379 11379 [eos]
574 46 44 43 204 575 45 16998 17037 42	[bos] 73 17037 74 70 71 16998 72 234 193 235 [eos]
5681 2122 260 313 5611 382 3685 494 540 2619 374	[bos] 10 634 2619 1372 1285 3727 668 262 265 1064 18175 494 540 [eos]
10730 7047 57 26626 66 75 18517 1486	[bos] 10730 1 2 5196 7 41372 523 0 [eos]
22189 18385 21767 21567 19232 1122 983 1380	[bos] 22189 18385 53930 21767 21567 19232 1122 983 1380 [eos]
1336 2991 3000 1352 1339 1337 1343 1332 1334 1354	[bos] 2392 5951 2369 1336 1352 2380 1339 1337 1343 2375 1332 1334 1354 [eos]
2215 29 37 898 707 33 1493 17 5 768 933 40 31 23 41 30 141	[bos] 90 400 40 37 707 33 178 17 5 768 924 29 2022 31 23 41 30 141 [eos]
2866 1141 1 3151 27072 1955 2 1785 173 44727 1067 0 3217 134	[bos] 2700 5275 1 24 [eos]
102 100 10 168 216 411 444 164 31 33 51 684 30 443 406 190 134 440 29 413 291 412 409 160 8 560 788 437 86	[bos] 102 10 168 216 411 444 164 31 86 33 51 684 30 615 100 443 406 190 134 440
46 26 44 204 42591 45 104 27 28 17376 42 43 372	[bos] 42377 372 74 70 193 71 27 28 26 73 50 72 28 42301 [eos]
157 156 219 154 159 218 158 155	[bos] 2954 4250 2928 2944 4215 2925 2908 2882 2942 [eos]
102 1494 1082 10 1550 413 411 412 409 444 8 1079 1700 17 443 406 190 440 437 86	[bos] 102 1494 10 1550 413 411 412 409 444 8 86 1079 1700 17 615 1082 443 406 190 440
32812 4 134 68 93 3 33208 22 2472 87 15923 16408 31279 58 232	[bos] 41932 4 134 68 93 3 33208 22 2472 87 15923 16408 31279 58 232 [eos]
2259 5624	[bos] 2259 5668 5559 5622 5577 [eos]
41532 46 26 44 42 204 15700 45 104 27 28 43 372	[bos] 372 74 70 193 40978 27 28 26 73 50 72 28 42301 [eos]
46 26 44 42 43 682 42546 45 104 27 28 204 16800	[bos] 41037 193 71 27 28 26 73 74 16800 70 682 50 72 [eos]
793 794 778 5 721 668 1744 563	[bos] 793 794 778 721 668 1738 563 [eos]
4587 5185 3467 7391 2278 37 241 3196 4178 3072 1326	[bos] 5325 961 581 2278 4010 241 4562 4178 2667 37 2897 [eos]
52590 306 3336 2684 864 14254 1461 25579 1049 1101 8544 843 13959 9468 2297 38734	[bos] 264 59 49287 864 864 49287 2 864 1049 1101 1049 1101 7369 19411 864 19411 [eos]
81 55694 252 52 43818 2 18 1 80 0 13	[bos] 81 69 45624 124 61 59 60162 2 18 60 1 80 0 13 [eos]
67 93 24153 4386	[bos] 67 93 23413 4058 [eos]
92 1 29 150 26590 0	[bos] 1 2 7 0 [eos]
201 5808 22208 1757	[bos] 207 5808 19 1757 [eos]
46 44 42 204 41349 45 104 27 28 15939 26 43 372	[bos] 42263 372 74 70 193 71 27 28 26 73 50 72 28 42301 [eos]
742 1662 854 737 745 739 733 735 89 6 773 12 4 738 731 734 741 3	[bos] 742 737 471 745 739 1729 733 735 89 6 773 12 4 738 731 734 741 3 [eos]
9485 550 4944 7757 15106 96	[bos] 9485 550 176 181 47793 61 59 [eos]
504 457 852 230 1871 12361 10115 5449 2316 254 1709 1307 10873 5569 6026 861 258	[bos] 12438 3579 12606 458 230 1536 5449 254 12337 1985 839 5569 6026 2630 852 12328 644 861 258 [eos]
102 10 4085 819 867 8 1534 3268 4168 801 7143 818 1886 995 736 7549 37 45200 8558 978	[bos] 102 10 4085 819 867 8 3268 4168 801 7143 818 1886 995 736 7549 37 8558 978 [eos]
157 156 154 159 218 219 354 158 155	[bos] 157 156 219 154 159 218 158 155 [eos]
3647 293 5771 78 274 2786 62 8 256	[bos] 5696 3647 5736 293 78 274 2786 62 8 256 [eos]
1830 1283 387 21 2214 441 1535 2083 312 786 551 531 56 1632 514 349 321 317 1713 221 1499 515	[bos] 1830 387 21 2214 441 1535 2237 2083 312 2719 786 551 531 56 1632 514 349 321 317 1713
3452 2100 2160 1 19 2 2672 4435 0	[bos] 2100 2160 1 19 3360 2 2672 0 2 5453 [eos]
615 190 212 31 33 30 141	[bos] 190 212 31 39 437 33 30 141 [eos]
46 26 44 42 43 42010 45 95 104 27 28 518 16887	[bos] 115 116 74 42416 70 71 27 28 26 73 518 16887 50 72 [eos]
115 73 116 74 70 235 71 35427 35066 72 234	[bos] 1366 485 488 486 664 40378 484 35939 1369 487 [eos]
29 37 707 33 17 5 768 933 40 31 23 41 30 141	[bos] 90 400 40 37 707 33 178 17 5 768 924 29 2022 31 23 41 30 141 [eos]
3380 11143 860 181 2746 138	[bos] 1736 1557 181 138 2643 [eos]
2052 6653 46057 12 5029 1821 6902 186	[bos] 2783 3175 7755 12 3175 7755 6263 34 1461 [eos]
33279 135 907 63	[bos] 407 135 907 [eos]
46 26 44 42 43 414 24442 45 95 26073 50 27 28	[bos] 115 116 74 24442 71 26073 27 28 26 73 414 70 50 72 [eos]
4005 19882 10813 12499	[bos] 12499 12499 4005 2215 [eos]
504 457 230 5490 1307 5914 1789 5498 94 254	[bos] 458 230 1536 644 190 3210 5 17292 42309 486 484 [eos]
16 28209 3 22 184 58 87 11899 226	[bos] 16 11305 27509 226 3 22 184 58 87 [eos]
46 44 42 43 41349 275 45 95 104 27 28 15939 26	[bos] 115 116 42263 74 70 71 275 27 28 26 73 50 72 [eos]
1 52 2 57004 45389 48 45092 55353 18 46398 0 13	[bos] 69 1 61 59 2 51085 60 864 12766 27866 568 3040 48 0 13 [eos]
2626 2636 457 1253 230 5585 1307 1199 504 1789 2666 94 254	[bos] 1199 2626 2636 1253 458 230 1536 644 1789 2666 94 254 [eos]
102 1494 1082 10 1550 413 411 412 409 444 11603 8 1079 17 443 406 190 440 437 86	[bos] 102 1494 1082 10 1550 413 411 412 409 444 8 1079 1700 17 443 406 190 440 437 86
20 38592 15990 34 8822 2919 3809 38 2895	[bos] 20 8675 2886 2949 3838 2627 [eos]
1038 92 4072 108 355 298 31 439 30 296 35 10 1981 1069 33 11029	[bos] 1038 1 41843 108 31 3828 33 4 9123 10256 12366 10 46052 30 568 35 [eos]
44320 57527 10541 17692 8936 9781	[bos] 5459 536 21 10737 309 262 1458 237 [eos]
1030 716 2236 3574 1970 5890	[bos] 1030 716 2236 3574 1970 4983 [eos]
10674 126 60403 56212 1 19 2448 1054 0 482 43118 48566 152 27646 101 48257 5719 2 60501 7 54272	[bos] 3828 126 9123 10256 12366 59 2 848 32 11327 10 12892 32 25 [eos]
2279 3531 2357 2273 8630 3344 6997 2267 951 2241 77 8579 221 282 616 2266	[bos] 2279 3531 2357 2273 8630 3344 6997 2267 2241 2266 77 8579 221 282 [eos]
14574 196 33225 881 884 882 34005 781 776 1320 83 2330 578 783 565 774 885 620 507	[bos] 20236 196 881 884 882 34005 781 776 2 2330 1788 1 123 783 565 774 885 620 507 [eos]
7853 1 6513 2 19497 14880 0	[bos] 1 7418 6513 2 32 266 264 34 2 6121 0 [eos]
8930 30030 7888 21738 15	[bos] 8930 8930 7888 21738 15 [eos]
10 4 68 8812 3 22 46774 58	[bos] 4 68 8693 3 22 2769 1458 22 [eos]
4342 5 40 37 23 396 4376 41	[bos] 5 40 23 396 41 69 8111 37 190 2190 [eos]
33813 2193 2186 13286 108 32945	[bos] 33813 19647 2193 2186 13286 108 [eos]
9732 11402 4226 878 2196 96	[bos] 9732 1006 11402 4226 2196 96 [eos]
4 68 8719 253 3 280 22 58 2112 87	[bos] 4 253 3 22 39539 87 15418 [eos]
90 400 40 37 707 33 178 17 5 768 924 29 2022 31 23 41 30 141	[bos] 2215 29 37 898 707 33 1493 17 5 768 933 40 31 23 41 30 141 [eos]
131 41084 53250 192	[bos] 131 233 190 860 [eos]
92 38 970 12032	[bos] 1 38 2 12032 0 [eos]
157 156 154 159 218 219 354 158 155	[bos] 157 156 219 154 159 218 158 155 [eos]
11252 14958 27748 8854 8955 28185 25319	[bos] 11684 24566 190 226 267 262 6844 264 [eos]
5087 5184 5246 34 6978 5191 856 3537 10506	[bos] 5087 5184 5246 11390 10724 6978 5191 3537 856 [eos]
16 6144 8651 12	[bos] 16 19 2 8651 12 0 1 6144 [eos]
46 26 44 42 43 632 328 45 23364 27 28 24588 50	[bos] 74 70 71 23364 27 28 26 73 193 632 24588 50 72 [eos]
157 156 354 154 159 158 155	[bos] 157 156 154 159 158 155 [eos]
848 212 1519 141	[bos] 212 1519 141 [eos]
157 156 354 154 159 158 155	[bos] 157 156 154 159 158 155 [eos]
102 60728 10 48122 79 291 195 38 12699 19385 5070 15672 62 765 54238 1011 46300 52038 696 78 8 17014 11 14370	[bos] 102 2164 4380 4210 18437 79 34109 684 30 15458 79 267 1456 3012 2164 3012 2164 3012 1011 1781
46 26 44 42 43 16867 40890 45 104 27 28 3822 95	[bos] 115 15561 116 74 70 21204 71 15636 3822 41593 27 28 50 72 [eos]
1017 3653 1019	[bos] 3642 656 423 1017 1019 [eos]
46 44 42 43 235 23204 45 24370 95 234	[bos] 115 73 116 74 70 235 71 23204 24370 72 234 [eos]
2957 1381 10515 2332 1126 1414	[bos] 627 1381 10515 2332 1126 1414 [eos]
1554 1473 1342 1854 11 14	[bos] 107 1554 1342 1854 11 14 [eos]
390 848 32 319 791 775 320 17 167 203 5 25 350 132 176 212 197 386 8 39 528 141	[bos] 2013 32 25 319 386 8 335 305 141 17 167 203 350 176 212 320 541 [eos]
32599 10936 224 111 38066 432 3662 33194 2583 48450 53 2433 1149 3107 2358 261 433 306 3468 1929 905 5 39583 383 8 222 11240 3300 31576	[bos] 559 340 4234 340 3431 1781 2 32 40818 863 12544 3431 13510 5000 4979 5056 5053 2476 38460 4210
5619 8608 39972 4151 3 103 11 838 169 26958 22863 4 7907 56 13852 6018	[bos] 267 8612 6398 2871 3 103 11 [eos]
40005 10612 201 20131 22075 19011	[bos] 207 7191 2426 886 2193 2186 169 [eos]
12235 1297 11570 93 589 7529 17649 2 635 1319 0 20511 12060 18450 1 10307 1544 19506	[bos] 12235 1297 1071 93 17649 7529 20511 93 635 20511 93 17649 635 9765 262 265 134 20511 [eos]
574 46 44 42 43 575 45 15881 95 17041	[bos] 115 73 116 74 70 235 71 15881 17041 72 234 [eos]
3473 2473 302 455	[bos] 302 58724 18716 302 [eos]
46 26 44 42 204 16106 41046 45 104 27 28 43 372	[bos] 1316 2742 2411 4722 5871 36 [eos]
1 52 50354 44174 48 56086 2 18 47274 53486 55777 45646 58593 0 58563 13	[bos] 69 1 264 34 61 59 48 2 18 60 6444 13633 22332 60 895 262 770 6106 262 [eos]
26 44 42 43 414 45 95 27 28 26168 46 27252 50	[bos] 115 26168 116 74 71 27 28 26 73 414 70 27252 50 72 [eos]
19 24034 150 550 927 2707 953 17131 96 1 3207 23316 489 0 18249	[bos] 19 24034 550 2707 953 17131 96 1 3207 2 927 23316 489 0 18249 [eos]
40690 20 10 1 10568 2 211 47 7 8108 4139 0	[bos] 21204 20 6360 537 6557 8765 2 6263 117 6263 20 11275 6488 [eos]
10469 19586 273 15 22317 18651	[bos] 10469 964 19586 1726 273 15 22317 18651 179 [eos]
5552 1840 16195 434 63	[bos] 39137 1840 436 63 [eos]
8602 201 18292 1757	[bos] 21933 1757 8602 207 [eos]
1458 237 176 181 498 570 305 1078 138 167 203	[bos] 2119 5 197 498 570 138 528 167 203 132 176 181 39 [eos]
2745 2621 8154	[bos] 15086 2745 40179 19260 19260 8154 [eos]
32 25 153	[bos] 390 2336 32 25 138 17 [eos]
5832 100 4046 13578 475 4038 3475 6335 3063 6538 14256 51 1304 186 1526 98 1476 6343 167 2414 393 4033 35835 13185 14719 28858 3032 176	[bos] 5832 4033 4046 13578 4038 3475 5604 3063 6538 14256 1526 1476 6343 167 2414 13185 14719 3032 176 [eos]
46 26 44 42 43 17156 41412 275 45 95 104 27 28	[bos] 115 41785 116 74 70 275 27 28 26 73 17156 71 50 72 [eos]
201 2804 39665 825 2387 700	[bos] 207 2804 7369 825 2387 700 [eos]
255 525 92 134 263 266 395 264 34 247 267 262 265 20 303 9	[bos] 255 92 134 263 266 395 264 34 247 262 265 20 303 9 4556 267 [eos]
67 1 99 337 942 2 163 7 5934 0 3522 91	[bos] 17901 67 99 337 942 2 173 4548 163 7 5934 3522 0 1 7898 [eos]
100 90 609 40 23 51 178 460 216 5 368 41 141	[bos] 100 90 609 40 2535 51 178 460 216 5 1150 23 368 41 141 [eos]
59257 12 18693 642	[bos] 12 16316 2215 37 2164 2215 [eos]
5039 4966 2438 5015 3457 4870 2437 5025 3438 4853 4892 3431 3433 2456	[bos] 3431 13510 2438 5000 4979 5056 5053 2437 4960 3438 3433 2456 4985 3457 [eos]
157 156 154 159 218 219 354 158 155	[bos] 157 156 219 154 159 218 158 155 [eos]
10936 92 13174 26760 4132 36983 355 28065 26237 16938 17549 50879 222 624 5319 33 30 453 111 108 383 18565 31 200 32581	[bos] 4180 9187 2034 4572 4572 4572 [eos]
26 44 42 43 682 45 104 27 28 46 41261 204 17082	[bos] 193 71 17027 27 28 26 73 74 42429 71 1344 197 8 2426 1975 5 787 132 536 0
2078 31 33 30 2698 2701	[bos] 102 6786 10 374 2078 31 8 33 30 2698 2701 [eos]
22879 106 362 3316 85 14278 352 365 5720 33097 107 2086 1612 29 643 130 308 105 421 3036 325 36095	[bos] 1467 1643 362 5063 266 266 266 266 266 266 107 264 34 5063 29 266 107 266 264 34
92 1 29 150 12020 0	[bos] 1 2 12020 0 [eos]
5275 3380 860 181 2746 138	[bos] 1736 1557 181 138 2643 [eos]
176 181 498 570 305 1078 138 167 203	[bos] 2119 5 197 498 570 138 528 167 203 132 176 181 39 [eos]
92 29 10327 970 11505 10476 1365 2435	[bos] 1 10327 2 11505 0 10476 2435 [eos]
1 52 48 2 18 59371 0 13 48950	[bos] 69 1 61 59 48 2 18 60 264 34 247 0 13 [eos]
574 46 44 43 575 45 95 16998 17037 42	[bos] 115 73 116 17037 74 70 235 71 16998 72 234 [eos]
157 156 154 159 218 219 354 158 155	[bos] 157 156 219 154 159 218 158 155 [eos]
46 26 44 42 43 682 41984 45 104 27 28 204 16592	[bos] 42577 193 71 27 28 26 73 74 16592 70 682 50 72 [eos]
32111 5150 5853 5942 5985 5821 5915 5842 1169 243	[bos] 243 32111 5150 5853 985 5942 5985 5821 5915 5842 [eos]
392 1155 736 963 5512 1755	[bos] 392 1155 736 963 5732 1755 [eos]
43189 1 48 2 18 51042 52024 52 49865 0 13	[bos] 1 27334 48 2 18 60 134 1317 38457 0 61 59 1297 13 [eos]
392 2221 4499 2222	[bos] 467 4263 2221 4499 2222 [eos]
34679 4478 133	[bos] 404 133 2871 34679 [eos]
4513 2330 196 31796 881 884 882 781 1320 578 783 565 774 1263 885 620 507 2795 776	[bos] 4513 2330 196 881 884 882 781 132 196 578 783 565 774 1263 885 620 507 2795 776 [eos]
3384 9177 29534 4078 8943 38 3315 15 14344 8646 5100 182 8517 14406 39	[bos] 3384 4078 38 3315 15 10623 57120 58117 31 1515 2333 2518 2275 182 1515 8 39 [eos]
5 4182 6825 350 132	[bos] 920 350 [eos]
6007 8032 39354 35583 66 75 9 57 6615	[bos] 6007 13189 1643 9765 262 1458 9 2 5443 0 1 [eos]
92 1 8781 2644 47 8801 10233 0 10592 29 8690 10688 7601 150	[bos] 1 8781 2 2644 47 10233 0 10592 8690 10688 7601 7 8801 [eos]
572 43527 1059 3414 9428 11771 5452 16634 333 583 8503 2422 1592 4284 3523 9 1637 5414 1044 6800 4358	[bos] 572 5292 1059 3414 9428 11771 11771 11771 11771 11771 11771 26861 11771 4284 26861 26861 16634 1637 8503 8503
4530 582 10992 6612 21460	[bos] 6770 582 17547 28170 116 2 27148 0 1 [eos]
536 5021 1676 1493 138 30 1393 197 31 33 4071	[bos] 875 176 305 138 167 203 1968 1163 1678 181 [eos]
5102 7842 5075 689 2167 5194 3973 1509 20936 951 21955 6032 1793 606 519 301	[bos] 5102 5075 5075 689 5075 1114 5194 3973 635 6032 1793 606 2312 1114 519 301 [eos]
419 25838 422 358 45525 33074 359 361	[bos] 2215 2215 2215 29 37 898 71 11275 6488 498 570 305 1078 138 [eos]
1030 716 2236 536 1970 33 30 1393 197 31 5890 7447	[bos] 1030 716 2236 3574 1970 4983 [eos]
2377 274 919 989 446 127 433 293 2797 18435 78 8 2912 256 34155 624 1029 200 1264 62 289	[bos] 12473 6366 919 30650 30650 127 7032 293 59675 30650 284 274 30650 14656 13076 [eos]
135 907 63 3026	[bos] 135 907 63 [eos]
26 44 42 43 17082 518 45 95 104 27 28 46 41261	[bos] 115 116 70 518 71 42066 27 28 26 73 74 17082 50 72 [eos]
17990 6784 15852 18408 14352 28745	[bos] 17990 1317 2 49073 17547 0 390 848 [eos]
1794 57 14011 66 75	[bos] 1794 1 2 2112 153 0 [eos]
590 15658 10189 5877 16577 10199	[bos] 2094 262 26951 13076 13904 25881 [eos]
36 15 26735 8672 10297 9660	[bos] 264 34 15 262 61 59 [eos]
407 6662 135 1156 44500 52542 381 722 225 278	[bos] 6878 [eos]
545 461 46771 462	[bos] 1 2 0 2013 [eos]
1838 10 2298 111 32 25 1154 624 127 17 289	[bos] 372 74 70 193 27 28 26 73 127 2301 26 73 [eos]
28202 5346 5669 1800 27945	[bos] 28202 5346 34 8813 4 1871 706 18 [eos]
126 50348 48556 53559 630 220 56098 12321 52808 54728 3573 43584 54802 59620 53359 51426 45409 51747	[bos] 14241 6026 2871 2871 34679 220 5 404 2871 34679 2871 34679 428 2871 34679 428 2215 47212 [eos]
24302 1638 4340 9839 24299 7222 691 25137 972 20 3711 1125 26141 23973 24 11060 26086 96 23542 10466	[bos] 32 25 4813 4231 36308 371 13829 14182 3783 45497 10307 34 324 8188 11153 12544 6364 6362 6360 6381
7830 8614 7832 8038 8037 8040 7972 8369 8372 7975 8379 8375 332 331 7831 20134 8616 8363 8863 7667 1866 17632 20517	[bos] 7830 8614 7832 8038 8037 8616 7667 7972 7667 7972 8369 8372 7975 7667 8375 55 332 17853 331 7831
51818 55581 57837 5 5829 3985 25242 2191 58350 11645 4045 45207 26648 1956 51921 56834 55069 17022 26459 8000 2195 50113 42723 26039 59166 50740 25524 47283	[bos] 6342 [eos]
100 9585 1625 37 10900 51	[bos] 100 390 848 32 319 791 775 138 17 167 203 5 25 350 132 176 212 197 386 8
201 9266 15 12	[bos] 207 1717 15 12 [eos]
373 1 29 2310 150 250 96 189 92 0 353	[bos] 189 373 1 181 2 250 7 96 0 [eos]
574 46 44 43 204 575 45 15213 16566 42	[bos] 73 16566 74 70 71 15900 27 28 26 73 [eos]
113 97 148 311	[bos] 113 97 148 [eos]
45321 31 33 30	[bos] 20236 55733 60489 213 229 8734 27866 8143 5459 58141 [eos]
92 1 29 150 2918 47 96 0	[bos] 1 47 7 96 0 2 2918 [eos]
26747 46 26 44 42 43 414 45 95 26113 50 27 28	[bos] 115 116 74 71 115 15829 71 27 28 26 73 50 72 [eos]
574 46 42 43 204 575 45 16046 17132 44	[bos] 73 24068 74 70 71 24084 72 234 193 235 [eos]
729 16078 5 1945 24408 258 1306 292	[bos] 729 5 1945 153 5641 258 1306 292 [eos]
38375 1693 1447 1898 1642	[bos] 38375 1693 1447 1642 1901 [eos]
46 26 44 42 43 41572 518 45 95 27 28 104 16589	[bos] 115 116 74 40783 70 518 71 27 28 26 73 50 72 16589 [eos]
20 20091 21342 34	[bos] 20 20091 21342 [eos]
29001 1619 30926 32340 7022 1452 1546 12740 14656 13076 13 10952	[bos] 1452 9867 5891 34114 1619 13 1546 12740 36308 30650 14656 13076 [eos]
3816 34659 31981	[bos] 3816 34659 31981 169 [eos]
46 26 42 204 42494 45 104 27 28 44 16381 43 372	[bos] 372 74 70 193 27 28 26 73 71 17303 50 72 [eos]
113 97 148 311	[bos] 113 97 148 [eos]
19954 21561 2323 19101 20098	[bos] 1821 2899 19954 21561 2323 19101 20098 [eos]
81 43910 252 52 2 18 48702 1 80 0 13	[bos] 81 69 58644 124 61 59 2 18 5063 60 1 80 0 13 [eos]
157 156 354 154 159 158 155	[bos] 157 156 154 159 158 155 [eos]
1512 11500 1683 67 11668 96 550 11762	[bos] 1512 11500 1683 1 11762 2 96 0 11668 101 [eos]
2430 2452 3162 145 37915 1677	[bos] 2430 2452 145 5012 4976 3162 [eos]
302 99 1436 1437 27963	[bos] 302 99 88 [eos]
574 46 42 43 575 45 95 16279 44 17242	[bos] 115 73 74 70 235 71 16279 72 234 17242 116 [eos]
52 48 2 18 55806 52446 1 0 13	[bos] 69 61 59 48 2 18 55806 60 52446 1 0 13 [eos]
92 17753 433 2754 8161 108 355 2212 2361 31 2014 33 29947 289 6886 1029 30 1917	[bos] 92 1 266 264 34 41 267 1456 1456 1456 1456 33 1458 289 4030 289 2083 108 289 6038
1314 3815 4401 4307 3136 138 4291 4371 3751 4377 3965 4272 1081 181	[bos] 1030 17695 716 [eos]
4689 4569 5530 5928 4827 4828 4778 4690 4782 4776 4520 55 4571 4826 332 4823 10867 4824 4786 331 4780 9981 4688	[bos] 4689 4569 5530 5928 4827 4828 4823 4785 4778 4690 4782 4776 4688 55 4571 4826 332 4824 4786 331
46 44 43 235 328 24084 45 234 24068 42	[bos] 73 24068 74 70 71 24084 72 234 193 235 [eos]
1440 286 30666 1405 269 39510 1408	[bos] 286 30666 1405 269 282 39510 1408 [eos]
1649 2120 680 652 51 2562 4208 109	[bos] 18437 100 559 105 11144 11415 [eos]
20589 3744 50995 1439 1127 26372 1124 23931	[bos] 3337 [eos]
115 73 74 70 235 71 24971 72 234 116 23764	[bos] 1366 485 488 486 484 36661 37819 1369 487 2269 [eos]
5150 5942 5985 5821 34357 5915 5842 1169 243 13509 5853	[bos] 243 5150 985 5942 5985 5821 5915 5842 5842 5842 3916 [eos]
37 707 33 17 5 768 924 29 933 40 31 23 41 30 141	[bos] 90 400 40 37 707 33 178 17 5 768 924 29 2022 31 23 41 30 141 [eos]
16 2245 21 3 11993 103 2 105 11 7821 0 4 1012 1 295 4014 29 9 7003 85 36	[bos] 16 92 2245 1 29 3 11993 103 2 105 11 7821 96 0 4 1012 4014 29 9 7003
1481 21119 43185 57931 46070 47489 110 20146 20083 57539 50750 3075 50717 54803 53752 1054 60534 43113 43755 3432	[bos] 1481 21119 43185 57931 46070 47489 110 795 43113 43113 43113 43113 43113 43113 43113 43113 43113 43113 43113 43113
49602 1 52 48 2 18 0 13	[bos] 69 18328 1 61 59 48 2 18 60 0 13 [eos]
15124 5741 5120 28268 11643 15021 2 1477 4893 8059 0 1 3871 9 12213	[bos] 22598 11007 1 5120 1933 6667 4857 3179 2 28083 27711 5826 0 5741 11699 9 1546 [eos]
1 20464 20637 9 2 0 22343 18858 47 20618	[bos] 1 20464 20637 9 2 43238 0 22343 18858 47 20618 [eos]
5272 5494 79 6252 3197	[bos] 5272 3195 5494 79 6252 [eos]
742 1662 854 737 745 739 733 735 89 6 773 12 4 738 731 734 741 3	[bos] 742 737 471 745 739 1729 733 735 89 6 773 12 4 738 731 734 741 3 [eos]
20 67 140 1054	[bos] 20 133 24 140 [eos]
892 82 601 561 125 54738 44852 45224 827 47376 611 211 408 14 4337 828 5071 553 3841 1043 829 2300 813	[bos] 892 82 601 561 125 176 51979 8441 561 827 1792 611 211 408 14 4337 828 5071 553 3841
252 52 2 18 54015 81 45173 1 80 0 13	[bos] 69 124 61 59 2 18 3377 60 1 80 60 [eos]
102 8183 17846 2207 1089 1145 3090 470 1083 1128 2198 1134 1434	[bos] 102 8183 2207 1089 1145 470 3081 1083 1128 2198 17611 1134 1434 [eos]
892 553 601 561 125 827 611 1043 211 14 828 58003 8648 408 829 2300 813	[bos] 892 553 601 561 125 827 1792 611 1043 211 14 828 44965 553 829 2300 813 [eos]
661 920 190 916 292 663 8 647 2265 3139 890 887 390 646 237	[bos] 661 920 190 292 663 647 887 1656 614 646 237 1606 916 1617 1608 8 181 1653 890 [eos]
7413 57 66 75	[bos] 92 1 29 150 0 32 25 [eos]
4 21 36 169 3 11955 2182 103	[bos] 4 21 36 169 3 264 34 5292 3568 [eos]
35 8905 99 688 29 27927	[bos] 35 8905 99 29 27563 [eos]
12655 710 810 808 12630 3663 1353 12518 1098 1099 33 587 2813 30 2831 809 704 12411 12474 12407 1351 31 1100 640 435 671 2827	[bos] 710 810 808 3663 1353 36382 1099 33 587 2813 2831 809 704 12470 30 2831 809 704 11605 640
48765 55252 1 49529 43886 52 48 2 18 60689 0 44033 49273 13	[bos] 55252 1 49529 55366 58 [eos]
255 525 92 134 263 266 264 34 247 267 807 262 265 20 303 9 797	[bos] 255 92 134 263 266 264 34 247 267 6121 807 262 265 20 303 9 797 [eos]
12193 12197 12202 12205 962 11967 53 957 12179 12181 12183 12191 12195 4177 5 11964	[bos] 3828 69 30650 3431 4186 962 30650 962 5 2860 30650 3431 2860 31463 4164 31463 [eos]
326 4 21533 3 18244 1976 280 975 667 36830 221 3770 1037	[bos] 326 4 103 17806 3 21453 3518 1696 3279 3269 4467 470 4 6861 6134 34116 2404 [eos]
35518 3 2185 4 7945	[bos] 8183 3 4 473 4231 11275 6488 14 [eos]
15013 15011 14804 15024 15028 15027	[bos] 32 25 153 [eos]
189 38344 1 112 2 7 519 0	[bos] 1 29 150 6166 112 2 7 519 0 [eos]
1298 1012 1752 13568 14247 9879 6358 117 1986 349 34680 1541 2317 10391 36	[bos] 1012 13568 2317 2575 14247 9879 117 1986 349 10391 36 [eos]
102 100 10 168 216 411 444 164 31 33 51 684 30 443 406 190 134 440 29 413 291 412 409 160 8 560 788 437 86	[bos] 102 10 168 216 411 444 164 31 86 33 51 684 30 615 100 443 406 190 134 440
23903 26966 878 324	[bos] 23903 103 266 264 34 247 [eos]
5029 5843 406 190 625 413 376 409 8290 1809 8 437 5947 411 20823 5801 412	[bos] 5843 406 190 625 413 411 376 409 1124 443 406 190 134 440 29 413 411 3284 413 6440
4 4530 113 27367 103 52801 97 3 476	[bos] 4 6770 6168 52801 97 3 476 59540 103 [eos]
100 10 1 168 216 411 444 164 2 384 51 684 0 443 406 190 134 440 29 413 291 412 409 160 8 560 788 437 86	[bos] 10 1 168 216 411 444 164 2 86 384 51 684 0 615 100 443 406 190 134 440
19195 4189 14321 35374 33116	[bos] 28052 44643 44643 44643 44643 44643 44643 44643 44643 44643 44643 44643 44643 44643 44643 44643 44643 44643 44643 44643
13184 7772 34819 11641	[bos] 13184 7437 6506 18651 61 59 [eos]
3452 2100 2160 1 19 5933 101 8779 2672 0 2 5453	[bos] 2100 2160 1 19 5933 4464 3360 101 2672 0 2 5453 [eos]
10 1 168 216 411 444 164 2 86 384 51 684 0 615 100 443 406 190 134 440 29 413 291 412 409 160 8 560 788	[bos] 100 10 1 168 216 411 444 164 2 384 51 684 0 443 406 190 134 440 29 413
4645 201 22296 28520	[bos] 36175 36175 69 2215 61 59 48 2 898 60 6263 1467 123 44718 10551 6364 6362 6360 6381 13234
6836 387 7181 842 10811 5848 7414 28927 7655 27887	[bos] 18651 4 387 3 16155 58644 58644 49287 49287 49287 [eos]
2430 2452 3162 145 37915 1677	[bos] 2430 2452 145 5012 4976 3162 [eos]
23883 4 25080 1659 11 24272 4220 3082 24574 3 23363 26056 4434 1370	[bos] 44638 49081 22440 50527 11 1506 37059 37059 37059 27297 38504 27297 [eos]
46 26 44 42 43 15282 275 95 104 27 28 41622 45	[bos] 115 40806 116 74 70 275 27 28 26 73 15282 71 50 72 [eos]
504 457 832 230 5683 1709 1936 1102 5931 94 254	[bos] 2630 230 5931 644 5683 1295 1936 458 832 94 254 [eos]
47457 295 29 421 163 66 6828 9 57 50012 3817 106 325 75	[bos] 11327 295 29 421 34 421 3335 2 105 60 2215 29 105 29 295 39 [eos]
11428	[bos] 11428 11833 4226 878 2196 96 [eos]
7967 27510 8421 12074 8640 3627 5851	[bos] 7967 8421 12074 8640 27857 3627 5851 [eos]
115 73 116 74 70 235 71 35534 33443 72 234	[bos] 1366 485 488 486 664 40378 484 35939 1369 487 [eos]
7791 8247 57 605 66 75 1905 14296	[bos] 7791 1 2 0 19 8247 1905 9493 [eos]
46 26 44 42 43 41072 16316 275 45 95 104 27 28	[bos] 115 116 42425 74 70 71 16316 275 27 28 26 73 50 72 [eos]
113 97 148 311	[bos] 113 97 148 [eos]
113 97 148 311	[bos] 113 97 148 [eos]
81 52 2 18 46090 1 80 52331 252 0 13	[bos] 81 69 61 59 2 18 46090 60 1 80 52331 124 0 13 [eos]
